timestamp,reporting_lab,negative,positive,total
2020-03-16 18:15:00 EDT,DOH-MIAMI,392,66,458
2020-03-16 18:15:00 EDT,DOH-JACKSONVILLE,272,29,301
2020-03-16 18:15:00 EDT,DOH-TAMPA (SPECTRUM BLVD),276,16,292
2020-03-16 18:15:00 EDT,ADVENT HEALTH LAB,232,16,248
2020-03-16 18:15:00 EDT,MEMORIAL REGIONAL HOSPITAL SOUTH,176,9,185
2020-03-16 18:15:00 EDT,QUEST DIAGNOSTICS - TAMPA,156,7,163
2020-03-16 18:15:00 EDT,LABORATORY CORPORATION OF AMERICA,110,2,112
2020-03-16 18:15:00 EDT,CDC,17,7,24
2020-03-16 18:15:00 EDT,FLORIDA HOSPITAL WATERMAN LABORATORY,15,0,15
2020-03-16 18:15:00 EDT,QUEST DIAGNOSTICS NICHOLS INSTITUTE - SJC (ELR),11,1,12
2020-03-16 18:15:00 EDT,VIRACOR-EUROFINS LABORATORIES,9,0,9
2020-03-16 18:15:00 EDT,CLEVELAND CLINIC HOSPITAL LAB,7,1,8
2020-03-16 18:15:00 EDT,TAMPA GENERAL HOSPITAL,0,5,5
2020-03-16 18:15:00 EDT,UNIVERSITY OF MIAMI HOSPITAL,0,5,5
2020-03-16 18:15:00 EDT,"QUEST DIAGNOSTICS NICHOLS INSTITUTE, INC.",4,0,4
2020-03-16 18:15:00 EDT,WESTSIDE REGIONAL MED CTR,0,3,3
2020-03-16 18:15:00 EDT,JFK MEDICAL CENTER LAB,1,2,3
2020-03-16 18:15:00 EDT,FLORIDA HOSPITAL FISH MEMORIAL,3,0,3
2020-03-16 18:15:00 EDT,TENNESSEE DOH - NASHVILLE,2,0,2
2020-03-16 18:15:00 EDT,FLORIDA HOSPITAL WESLEY CHAPEL,2,0,2
2020-03-16 18:15:00 EDT,NEW YORK STATE ELR - NEW YORK HOSPITAL LABORATORIES,1,1,2
2020-03-16 18:15:00 EDT,QUEST DIAGNOSTICS,2,0,2
2020-03-16 18:15:00 EDT,FLORIDA HOSPITAL DELAND,1,1,2
2020-03-16 18:15:00 EDT,MEMORIAL REGIONAL HOSPITAL CLINICAL LABORATORY,0,2,2
2020-03-16 18:15:00 EDT,FLORIDA HOSPITAL ZEPHYRHILLS,2,0,2
2020-03-16 18:15:00 EDT,LABCORP BURLINGTON (ELR),2,0,2
2020-03-16 18:15:00 EDT,ADVENTHEALTH DAYTONA BEACH,2,0,2
2020-03-16 18:15:00 EDT,LAB CORP,0,1,1
2020-03-16 18:15:00 EDT,UNIVERSITY HOSPITAL AND MEDICAL CENTER,0,1,1
2020-03-16 18:15:00 EDT,ENGLEWOOD COMMUNITY HOSPITAL,0,1,1
2020-03-16 18:15:00 EDT,CALIFORNIA PUBLIC HEALTH LABORATORY,0,1,1
2020-03-16 18:15:00 EDT,SOUTH LAKE HOSPITAL,0,1,1
2020-03-16 18:15:00 EDT,BUREAU OF CLINICAL LABORATORIES,1,0,1
2020-03-16 18:15:00 EDT,FLORIDA HOSPITAL HEARTLAND MED CTR CLINICAL LAB,1,0,1
2020-03-16 18:15:00 EDT,FLORIDA HOSPITAL FLAGLER,0,1,1
2020-03-16 18:15:00 EDT,FLORIDA HOSPITAL OF CARROLLWOOD,1,0,1
2020-03-16 18:15:00 EDT,FLORIDA HOSPITAL NORTH PINELLAS,1,0,1
2020-03-16 18:15:00 EDT,MHS LAB,1,0,1
2020-03-16 18:15:00 EDT,ORLANDO VAMC,1,0,1
2020-03-16 18:15:00 EDT,PLANTATION GENERAL HOSPITAL,1,0,1
2020-03-16 18:15:00 EDT,NEW YORK STATE ELR - DEPARTMENT OF CLINICAL LABS,1,0,1
2020-03-16 18:15:00 EDT,NEW YORK STATE ELR - NEW YORK CITY DEPARTMENT OF HEALTH & MENTAL,1,0,1
2020-03-17 09:59:00 EDT,DOH-MIAMI,483,75,558
2020-03-17 09:59:00 EDT,DOH-JACKSONVILLE,312,33,345
2020-03-17 09:59:00 EDT,DOH-TAMPA (SPECTRUM BLVD),305,24,329
2020-03-17 09:59:00 EDT,ADVENT HEALTH LAB,283,19,302
2020-03-17 09:59:00 EDT,MEMORIAL REGIONAL HOSPITAL SOUTH,238,15,253
2020-03-17 09:59:00 EDT,LABORATORY CORPORATION OF AMERICA,214,8,222
2020-03-17 09:59:00 EDT,QUEST DIAGNOSTICS - TAMPA,203,8,211
2020-03-17 09:59:00 EDT,"QUEST DIAGNOSTICS NICHOLS INSTITUTE, INC.",53,0,53
2020-03-17 09:59:00 EDT,CDC,17,7,24
2020-03-17 09:59:00 EDT,FLORIDA HOSPITAL WATERMAN LABORATORY,15,0,15
2020-03-17 09:59:00 EDT,QUEST DIAGNOSTICS NICHOLS INSTITUTE - SJC (ELR),12,1,13
2020-03-17 09:59:00 EDT,VIRACOR-EUROFINS LABORATORIES,9,0,9
2020-03-17 09:59:00 EDT,WESTSIDE REGIONAL MED CTR,3,5,8
2020-03-17 09:59:00 EDT,CLEVELAND CLINIC HOSPITAL LAB,7,1,8
2020-03-17 09:59:00 EDT,UNIVERSITY OF MIAMI HOSPITAL,0,5,5
2020-03-17 09:59:00 EDT,TAMPA GENERAL HOSPITAL,0,5,5
2020-03-17 09:59:00 EDT,FLORIDA HOSPITAL FISH MEMORIAL,4,0,4
2020-03-17 09:59:00 EDT,JFK MEDICAL CENTER LAB,1,2,3
2020-03-17 09:59:00 EDT,TENNESSEE DOH - NASHVILLE,2,1,3
2020-03-17 09:59:00 EDT,QUEST DIAGNOSTICS,2,0,2
2020-03-17 09:59:00 EDT,ADVENTHEALTH DAYTONA BEACH,2,0,2
2020-03-17 09:59:00 EDT,FLORIDA HOSPITAL DELAND,1,1,2
2020-03-17 09:59:00 EDT,MEMORIAL REGIONAL HOSPITAL CLINICAL LABORATORY,0,2,2
2020-03-17 09:59:00 EDT,NEW YORK STATE ELR - NEW YORK HOSPITAL LABORATORIES,1,1,2
2020-03-17 09:59:00 EDT,FLORIDA HOSPITAL ZEPHYRHILLS,2,0,2
2020-03-17 09:59:00 EDT,FLORIDA HOSPITAL WESLEY CHAPEL,2,0,2
2020-03-17 09:59:00 EDT,LABCORP BURLINGTON (ELR),2,0,2
2020-03-17 09:59:00 EDT,QUEST DIAGNOSTICS - ATLANTA,1,0,1
2020-03-17 09:59:00 EDT,PLANTATION GENERAL HOSPITAL,1,0,1
2020-03-17 09:59:00 EDT,LABCORP BURLINGTON (LPP),0,1,1
2020-03-17 09:59:00 EDT,UNIVERSITY HOSPITAL AND MEDICAL CENTER,0,1,1
2020-03-17 09:59:00 EDT,SOUTH LAKE HOSPITAL,0,1,1
2020-03-17 09:59:00 EDT,CALIFORNIA PUBLIC HEALTH LABORATORY,0,1,1
2020-03-17 09:59:00 EDT,BUREAU OF CLINICAL LABORATORIES,1,0,1
2020-03-17 09:59:00 EDT,ORLANDO VAMC,1,0,1
2020-03-17 09:59:00 EDT,FLORIDA HOSPITAL OF CARROLLWOOD,1,0,1
2020-03-17 09:59:00 EDT,LAB CORP,0,1,1
2020-03-17 09:59:00 EDT,FLORIDA HOSPITAL - TAMPA,1,0,1
2020-03-17 09:59:00 EDT,FLORIDA HOSPITAL FLAGLER,0,1,1
2020-03-17 09:59:00 EDT,FLORIDA HOSPITAL HEARTLAND MED CTR CLINICAL LAB,1,0,1
2020-03-17 09:59:00 EDT,FLORIDA HOSPITAL NORTH PINELLAS,1,0,1
2020-03-17 09:59:00 EDT,LAKEWOOD RANCH MEDICAL CENTER,1,0,1
2020-03-17 09:59:00 EDT,NEW YORK STATE ELR - DEPARTMENT OF CLINICAL LABS,1,0,1
2020-03-17 09:59:00 EDT,NEW YORK STATE ELR - NEW YORK CITY DEPARTMENT OF HEALTH & MENTAL,1,0,1
2020-03-17 09:59:00 EDT,NORTHWEST MEDICAL CENTER,1,0,1
2020-03-17 09:59:00 EDT,MANATEE MEMORIAL HOSPITAL,1,0,1
2020-03-17 09:59:00 EDT,ENGLEWOOD COMMUNITY HOSPITAL,0,1,1
2020-03-17 09:59:00 EDT,MHS LAB,1,0,1
2020-03-18 09:55:00 EDT,DOH-MIAMI,647,104,751
2020-03-18 09:55:00 EDT,LABORATORY CORPORATION OF AMERICA,450,25,475
2020-03-18 09:55:00 EDT,DOH-JACKSONVILLE,427,47,474
2020-03-18 09:55:00 EDT,DOH-TAMPA (SPECTRUM BLVD),391,37,428
2020-03-18 09:55:00 EDT,QUEST DIAGNOSTICS - TAMPA,399,18,417
2020-03-18 09:55:00 EDT,MEMORIAL REGIONAL HOSPITAL SOUTH,377,28,405
2020-03-18 09:55:00 EDT,ADVENT HEALTH LAB,357,24,381
2020-03-18 09:55:00 EDT,UNIVERSITY OF MIAMI HOSPITAL,54,25,79
2020-03-18 09:55:00 EDT,"QUEST DIAGNOSTICS NICHOLS INSTITUTE, INC.",72,2,74
2020-03-18 09:55:00 EDT,"BIO REFERENCE LABORATORIES, INC",24,2,26
2020-03-18 09:55:00 EDT,QUEST DIAGNOSTICS NICHOLS INSTITUTE - SJC (ELR),24,1,25
2020-03-18 09:55:00 EDT,CDC,17,7,24
2020-03-18 09:55:00 EDT,FLORIDA HOSPITAL WATERMAN LABORATORY,21,0,21
2020-03-18 09:55:00 EDT,WESTSIDE REGIONAL MED CTR,8,7,15
2020-03-18 09:55:00 EDT,CLEVELAND CLINIC HOSPITAL LAB,13,2,15
2020-03-18 09:55:00 EDT,VIRACOR-EUROFINS LABORATORIES,10,0,10
2020-03-18 09:55:00 EDT,FLORIDA HOSPITAL FISH MEMORIAL,8,0,8
2020-03-18 09:55:00 EDT,TAMPA GENERAL HOSPITAL,0,7,7
2020-03-18 09:55:00 EDT,LAKEWOOD RANCH MEDICAL CENTER,3,1,4
2020-03-18 09:55:00 EDT,BAYCARE LABORATORIES LLC,4,0,4
2020-03-18 09:55:00 EDT,TENNESSEE DOH - NASHVILLE,2,2,4
2020-03-18 09:55:00 EDT,ADVENTHEALTH DAYTONA BEACH,4,0,4
2020-03-18 09:55:00 EDT,NORTHWEST MEDICAL CENTER,3,1,4
2020-03-18 09:55:00 EDT,LABCORP BURLINGTON (ELR),2,1,3
2020-03-18 09:55:00 EDT,FLORIDA HOSPITAL FLAGLER,2,1,3
2020-03-18 09:55:00 EDT,JFK MEDICAL CENTER LAB,1,2,3
2020-03-18 09:55:00 EDT,MANATEE MEMORIAL HOSPITAL,3,0,3
2020-03-18 09:55:00 EDT,NEW YORK STATE ELR - NEW YORK HOSPITAL LABORATORIES,1,1,2
2020-03-18 09:55:00 EDT,QUEST DIAGNOSTICS,2,0,2
2020-03-18 09:55:00 EDT,MEMORIAL REGIONAL HOSPITAL CLINICAL LABORATORY,0,2,2
2020-03-18 09:55:00 EDT,FLORIDA HOSPITAL WESLEY CHAPEL,2,0,2
2020-03-18 09:55:00 EDT,WEST KENDALL BAPTIST HOSPITAL LABORATORY,1,1,2
2020-03-18 09:55:00 EDT,FLORIDA HOSPITAL DELAND,1,1,2
2020-03-18 09:55:00 EDT,FLORIDA HOSPITAL ZEPHYRHILLS,2,0,2
2020-03-18 09:55:00 EDT,DOCTORS HOSPITAL,2,0,2
2020-03-18 09:55:00 EDT,UNIVERSITY HOSPITAL AND MEDICAL CENTER,0,1,1
2020-03-18 09:55:00 EDT,FLORIDA HOSPITAL - TAMPA,1,0,1
2020-03-18 09:55:00 EDT,BAPTIST HOSPITAL OF MIAMI CLINICAL LABORATORY,1,0,1
2020-03-18 09:55:00 EDT,SOUTH LAKE HOSPITAL,0,1,1
2020-03-18 09:55:00 EDT,BUREAU OF CLINICAL LABORATORIES,1,0,1
2020-03-18 09:55:00 EDT,QUEST DIAGNOSTICS - ATLANTA,1,0,1
2020-03-18 09:55:00 EDT,PLANTATION GENERAL HOSPITAL,1,0,1
2020-03-18 09:55:00 EDT,ENGLEWOOD COMMUNITY HOSPITAL,0,1,1
2020-03-18 09:55:00 EDT,HOMESTEAD HOSPITAL CLINICAL LABORATORY,1,0,1
2020-03-18 09:55:00 EDT,LAB CORP,0,1,1
2020-03-18 09:55:00 EDT,FLORIDA HOSPITAL HEARTLAND MED CTR CLINICAL LAB,1,0,1
2020-03-18 09:55:00 EDT,FLORIDA HOSPITAL NORTH PINELLAS,1,0,1
2020-03-18 09:55:00 EDT,FLORIDA HOSPITAL OF CARROLLWOOD,1,0,1
2020-03-18 09:55:00 EDT,LABCORP BURLINGTON (LPP),0,1,1
2020-03-18 09:55:00 EDT,NEW YORK STATE ELR - DEPARTMENT OF CLINICAL LABS,1,0,1
2020-03-18 09:55:00 EDT,NEW YORK STATE ELR - NEW YORK CITY DEPARTMENT OF HEALTH & MENTAL,1,0,1
2020-03-18 09:55:00 EDT,ORLANDO VAMC,1,0,1
2020-03-18 09:55:00 EDT,MAYO CLINIC LABORATORIES,1,0,1
2020-03-18 09:55:00 EDT,CALIFORNIA PUBLIC HEALTH LABORATORY,0,1,1
2020-03-18 09:55:00 EDT,MHS LAB,1,0,1
2020-03-18 17:08:00 EDT,DOH-MIAMI,669,104,773
2020-03-18 17:08:00 EDT,DOH-JACKSONVILLE,459,48,507
2020-03-18 17:08:00 EDT,DOH-TAMPA (SPECTRUM BLVD),447,41,488
2020-03-18 17:08:00 EDT,LABORATORY CORPORATION OF AMERICA,450,25,475
2020-03-18 17:08:00 EDT,QUEST DIAGNOSTICS - TAMPA,399,18,417
2020-03-18 17:08:00 EDT,MEMORIAL REGIONAL HOSPITAL SOUTH,377,28,405
2020-03-18 17:08:00 EDT,ADVENT HEALTH LAB,363,26,389
2020-03-18 17:08:00 EDT,UNIVERSITY OF MIAMI HOSPITAL,64,25,89
2020-03-18 17:08:00 EDT,VIRACOR-EUROFINS LABORATORIES,68,19,87
2020-03-18 17:08:00 EDT,"QUEST DIAGNOSTICS NICHOLS INSTITUTE, INC.",72,3,75
2020-03-18 17:08:00 EDT,"BIO REFERENCE LABORATORIES, INC",24,2,26
2020-03-18 17:08:00 EDT,QUEST DIAGNOSTICS NICHOLS INSTITUTE - SJC (ELR),24,1,25
2020-03-18 17:08:00 EDT,CDC,17,7,24
2020-03-18 17:08:00 EDT,FLORIDA HOSPITAL WATERMAN LABORATORY,21,0,21
2020-03-18 17:08:00 EDT,WESTSIDE REGIONAL MED CTR,8,7,15
2020-03-18 17:08:00 EDT,CLEVELAND CLINIC HOSPITAL LAB,13,2,15
2020-03-18 17:08:00 EDT,FLORIDA HOSPITAL FISH MEMORIAL,8,0,8
2020-03-18 17:08:00 EDT,TAMPA GENERAL HOSPITAL,0,8,8
2020-03-18 17:08:00 EDT,ARUP LABORATORIES,6,0,6
2020-03-18 17:08:00 EDT,TENNESSEE DOH - NASHVILLE,4,2,6
2020-03-18 17:08:00 EDT,LAKEWOOD RANCH MEDICAL CENTER,3,3,6
2020-03-18 17:08:00 EDT,ADVENTHEALTH DAYTONA BEACH,5,0,5
2020-03-18 17:08:00 EDT,UNIVERSITY HOSPITAL AND MEDICAL CENTER,4,1,5
2020-03-18 17:08:00 EDT,NORTHWEST MEDICAL CENTER,3,1,4
2020-03-18 17:08:00 EDT,BAYCARE LABORATORIES LLC,4,0,4
2020-03-18 17:08:00 EDT,MANATEE MEMORIAL HOSPITAL,4,0,4
2020-03-18 17:08:00 EDT,WELLINGTON REGIONAL MED CTR LAB,3,1,4
2020-03-18 17:08:00 EDT,LABCORP BURLINGTON (ELR),2,1,3
2020-03-18 17:08:00 EDT,FLORIDA HOSPITAL FLAGLER,2,1,3
2020-03-18 17:08:00 EDT,JFK MEDICAL CENTER LAB,1,2,3
2020-03-18 17:08:00 EDT,QUEST DIAGNOSTICS NICHOLS INSTITUTE - SJC (LPP),1,1,2
2020-03-18 17:08:00 EDT,FLORIDA HOSPITAL HEARTLAND MED CTR CLINICAL LAB,2,0,2
2020-03-18 17:08:00 EDT,FLORIDA HOSPITAL DELAND,1,1,2
2020-03-18 17:08:00 EDT,RAULERSON HOSPITAL,2,0,2
2020-03-18 17:08:00 EDT,PLANTATION GENERAL HOSPITAL,2,0,2
2020-03-18 17:08:00 EDT,NEW YORK STATE ELR - NEW YORK HOSPITAL LABORATORIES,1,1,2
2020-03-18 17:08:00 EDT,MEMORIAL REGIONAL HOSPITAL CLINICAL LABORATORY,0,2,2
2020-03-18 17:08:00 EDT,FLORIDA HOSPITAL ZEPHYRHILLS,2,0,2
2020-03-18 17:08:00 EDT,LAB CORP,1,1,2
2020-03-18 17:08:00 EDT,DOCTORS HOSPITAL,2,0,2
2020-03-18 17:08:00 EDT,QUEST DIAGNOSTICS,2,0,2
2020-03-18 17:08:00 EDT,WEST KENDALL BAPTIST HOSPITAL LABORATORY,1,1,2
2020-03-18 17:08:00 EDT,FLORIDA HOSPITAL WESLEY CHAPEL,2,0,2
2020-03-18 17:08:00 EDT,VA MEDICAL CENTER,0,1,1
2020-03-18 17:08:00 EDT,BAPTIST HOSPITAL OF MIAMI CLINICAL LABORATORY,1,0,1
2020-03-18 17:08:00 EDT,UNIVERSITY OF MIAMI HOSPITAL & CLINICS,0,1,1
2020-03-18 17:08:00 EDT,UNKNOWN,0,1,1
2020-03-18 17:08:00 EDT,SOUTH LAKE HOSPITAL,0,1,1
2020-03-18 17:08:00 EDT,FLORIDA HOSPITAL - TAMPA,1,0,1
2020-03-18 17:08:00 EDT,BUREAU OF CLINICAL LABORATORIES,1,0,1
2020-03-18 17:08:00 EDT,LABCORP BURLINGTON (LPP),0,1,1
2020-03-18 17:08:00 EDT,HOMESTEAD HOSPITAL CLINICAL LABORATORY,1,0,1
2020-03-18 17:08:00 EDT,MAYO CLINIC LABORATORIES,1,0,1
2020-03-18 17:08:00 EDT,MARINERS HOSPITAL,1,0,1
2020-03-18 17:08:00 EDT,FLORIDA HOSPITAL OF CARROLLWOOD,1,0,1
2020-03-18 17:08:00 EDT,FLORIDA HOSPITAL NORTH PINELLAS,1,0,1
2020-03-18 17:08:00 EDT,GESSLER CLINIC,0,1,1
2020-03-18 17:08:00 EDT,ENGLEWOOD COMMUNITY HOSPITAL,0,1,1
2020-03-18 17:08:00 EDT,PALMS WEST HOSPITAL LAB,1,0,1
2020-03-18 17:08:00 EDT,ORLANDO VAMC,1,0,1
2020-03-18 17:08:00 EDT,QUEST DIAGNOSTICS - ATLANTA,1,0,1
2020-03-18 17:08:00 EDT,QUEST,0,1,1
2020-03-18 17:08:00 EDT,MHS LAB,1,0,1
2020-03-18 17:08:00 EDT,CALIFORNIA PUBLIC HEALTH LABORATORY,0,1,1
2020-03-18 17:08:00 EDT,NEW YORK STATE ELR - NEW YORK CITY DEPARTMENT OF HEALTH & MENTAL,1,0,1
2020-03-18 17:08:00 EDT,NEW YORK STATE ELR - DEPARTMENT OF CLINICAL LABS,1,0,1
2020-03-19 09:54:00 EDT,DOH-MIAMI,766,118,884
2020-03-19 09:54:00 EDT,LABORATORY CORPORATION OF AMERICA,633,34,667
2020-03-19 09:54:00 EDT,DOH-JACKSONVILLE,538,60,598
2020-03-19 09:54:00 EDT,QUEST DIAGNOSTICS - TAMPA,550,24,574
2020-03-19 09:54:00 EDT,DOH-TAMPA (SPECTRUM BLVD),515,48,563
2020-03-19 09:54:00 EDT,MEMORIAL REGIONAL HOSPITAL SOUTH,434,31,465
2020-03-19 09:54:00 EDT,ADVENT HEALTH LAB,383,28,411
2020-03-19 09:54:00 EDT,UNIVERSITY OF MIAMI HOSPITAL,67,27,94
2020-03-19 09:54:00 EDT,VIRACOR-EUROFINS LABORATORIES,68,20,88
2020-03-19 09:54:00 EDT,"QUEST DIAGNOSTICS NICHOLS INSTITUTE, INC.",73,3,76
2020-03-19 09:54:00 EDT,SHANDS AT THE UNIVERSITY OF FLORIDA,50,0,50
2020-03-19 09:54:00 EDT,CLEVELAND CLINIC HOSPITAL LAB,30,5,35
2020-03-19 09:54:00 EDT,BAYCARE LABORATORIES LLC,31,0,31
2020-03-19 09:54:00 EDT,"BIO REFERENCE LABORATORIES, INC",25,4,29
2020-03-19 09:54:00 EDT,QUEST DIAGNOSTICS NICHOLS INSTITUTE - SJC (ELR),27,1,28
2020-03-19 09:54:00 EDT,FLORIDA HOSPITAL WATERMAN LABORATORY,25,0,25
2020-03-19 09:54:00 EDT,CDC,17,7,24
2020-03-19 09:54:00 EDT,WESTSIDE REGIONAL MED CTR,16,7,23
2020-03-19 09:54:00 EDT,ARUP LABORATORIES,21,2,23
2020-03-19 09:54:00 EDT,DELRAY MEDICAL CENTER,13,2,15
2020-03-19 09:54:00 EDT,BAPTIST HOSPITAL OF MIAMI CLINICAL LABORATORY,13,0,13
2020-03-19 09:54:00 EDT,AVENTURA HOSPITAL LAB,9,0,9
2020-03-19 09:54:00 EDT,UNIVERSITY HOSPITAL AND MEDICAL CENTER,8,1,9
2020-03-19 09:54:00 EDT,FLORIDA HOSPITAL FISH MEMORIAL,9,0,9
2020-03-19 09:54:00 EDT,TAMPA GENERAL HOSPITAL,0,9,9
2020-03-19 09:54:00 EDT,LAKEWOOD RANCH MEDICAL CENTER,3,3,6
2020-03-19 09:54:00 EDT,FLORIDA HOSPITAL WESLEY CHAPEL,6,0,6
2020-03-19 09:54:00 EDT,TENNESSEE DOH - NASHVILLE,4,2,6
2020-03-19 09:54:00 EDT,DOCTORS HOSPITAL,5,1,6
2020-03-19 09:54:00 EDT,ADVENTHEALTH DAYTONA BEACH,5,0,5
2020-03-19 09:54:00 EDT,BIO COLLECTIONS INC,0,4,4
2020-03-19 09:54:00 EDT,MORTON PLANT HOSPITAL-ADLER INSTITUTE,4,0,4
2020-03-19 09:54:00 EDT,NORTHWEST MEDICAL CENTER,3,1,4
2020-03-19 09:54:00 EDT,MANATEE MEMORIAL HOSPITAL,4,0,4
2020-03-19 09:54:00 EDT,WELLINGTON REGIONAL MED CTR LAB,3,1,4
2020-03-19 09:54:00 EDT,JFK MEDICAL CENTER LAB,1,3,4
2020-03-19 09:54:00 EDT,WEST KENDALL BAPTIST HOSPITAL LABORATORY,3,1,4
2020-03-19 09:54:00 EDT,UF PATHLABS,3,0,3
2020-03-19 09:54:00 EDT,FLORIDA HOSPITAL FLAGLER,2,1,3
2020-03-19 09:54:00 EDT,LABCORP BURLINGTON (ELR),2,1,3
2020-03-19 09:54:00 EDT,FLORIDA HOSPITAL HEARTLAND MED CTR CLINICAL LAB,2,0,2
2020-03-19 09:54:00 EDT,FLORIDA HOSPITAL DELAND,1,1,2
2020-03-19 09:54:00 EDT,NEW YORK STATE ELR - NEW YORK HOSPITAL LABORATORIES,1,1,2
2020-03-19 09:54:00 EDT,ST JOSEPHS HOSPITAL LABORATORY,2,0,2
2020-03-19 09:54:00 EDT,QUEST DIAGNOSTICS,2,0,2
2020-03-19 09:54:00 EDT,PLANTATION GENERAL HOSPITAL,2,0,2
2020-03-19 09:54:00 EDT,RAULERSON HOSPITAL,2,0,2
2020-03-19 09:54:00 EDT,MERCY HOSPITAL A CAMPUS OF PLANTATION GEN HOSP LAB,1,1,2
2020-03-19 09:54:00 EDT,MEMORIAL REGIONAL HOSPITAL CLINICAL LABORATORY,0,2,2
2020-03-19 09:54:00 EDT,VA MEDICAL CENTER,0,2,2
2020-03-19 09:54:00 EDT,FLORIDA HOSPITAL ZEPHYRHILLS,2,0,2
2020-03-19 09:54:00 EDT,WEST PALM HOSPITAL LAB,1,1,2
2020-03-19 09:54:00 EDT,QUEST DIAGNOSTICS NICHOLS INSTITUTE - SJC (LPP),1,1,2
2020-03-19 09:54:00 EDT,LAB CORP,1,1,2
2020-03-19 09:54:00 EDT,UNKNOWN,0,1,1
2020-03-19 09:54:00 EDT,USAFSAM/PHE,0,1,1
2020-03-19 09:54:00 EDT,UNIVERSITY OF MIAMI HOSPITAL & CLINICS,0,1,1
2020-03-19 09:54:00 EDT,MAYO CLINIC LABORATORIES,1,0,1
2020-03-19 09:54:00 EDT,SOUTH LAKE HOSPITAL,0,1,1
2020-03-19 09:54:00 EDT,SOUTH MIAMI HOSPITAL LAB,1,0,1
2020-03-19 09:54:00 EDT,LABCORP BURLINGTON (LPP),0,1,1
2020-03-19 09:54:00 EDT,HOMESTEAD HOSPITAL CLINICAL LABORATORY,1,0,1
2020-03-19 09:54:00 EDT,CALIFORNIA PUBLIC HEALTH LABORATORY,0,1,1
2020-03-19 09:54:00 EDT,MARINERS HOSPITAL,1,0,1
2020-03-19 09:54:00 EDT,GULF BREEZE HOSPITAL LAB,1,0,1
2020-03-19 09:54:00 EDT,FLORIDA HOSPITAL OF CARROLLWOOD,1,0,1
2020-03-19 09:54:00 EDT,FLORIDA HOSPITAL NORTH PINELLAS,1,0,1
2020-03-19 09:54:00 EDT,GESSLER CLINIC,0,1,1
2020-03-19 09:54:00 EDT,ENGLEWOOD COMMUNITY HOSPITAL,0,1,1
2020-03-19 09:54:00 EDT,MHS LAB,1,0,1
2020-03-19 09:54:00 EDT,QUEST,0,1,1
2020-03-19 09:54:00 EDT,PALMS WEST HOSPITAL LAB,1,0,1
2020-03-19 09:54:00 EDT,BUREAU OF CLINICAL LABORATORIES,1,0,1
2020-03-19 09:54:00 EDT,QUEST DIAGNOSTICS - ATLANTA,1,0,1
2020-03-19 09:54:00 EDT,PALMETTO GENERAL HOSPITAL LAB,1,0,1
2020-03-19 09:54:00 EDT,NEW YORK STATE ELR - NEW YORK CITY DEPARTMENT OF HEALTH & MENTAL,1,0,1
2020-03-19 09:54:00 EDT,NEW YORK STATE ELR - DEPARTMENT OF CLINICAL LABS,1,0,1
2020-03-19 09:54:00 EDT,ORLANDO VAMC,1,0,1
2020-03-19 09:54:00 EDT,FLORIDA HOSPITAL - TAMPA,1,0,1
2020-03-19 16:53:00 EDT,DOH-MIAMI,765,118,883
2020-03-19 16:53:00 EDT,LABORATORY CORPORATION OF AMERICA,642,34,676
2020-03-19 16:53:00 EDT,DOH-JACKSONVILLE,584,61,645
2020-03-19 16:53:00 EDT,DOH-TAMPA (SPECTRUM BLVD),578,62,640
2020-03-19 16:53:00 EDT,QUEST DIAGNOSTICS - TAMPA,550,24,574
2020-03-19 16:53:00 EDT,MEMORIAL REGIONAL HOSPITAL SOUTH,434,31,465
2020-03-19 16:53:00 EDT,ADVENT HEALTH LAB,412,31,443
2020-03-19 16:53:00 EDT,TAMPA GENERAL HOSPITAL,338,10,348
2020-03-19 16:53:00 EDT,UNIVERSITY OF MIAMI HOSPITAL,72,29,101
2020-03-19 16:53:00 EDT,VIRACOR-EUROFINS LABORATORIES,68,20,88
2020-03-19 16:53:00 EDT,"QUEST DIAGNOSTICS NICHOLS INSTITUTE, INC.",73,4,77
2020-03-19 16:53:00 EDT,QUEST DIAGNOSTICS NICHOLS INSTITUTE - SJC (ELR),48,7,55
2020-03-19 16:53:00 EDT,SHANDS AT THE UNIVERSITY OF FLORIDA,50,0,50
2020-03-19 16:53:00 EDT,CLEVELAND CLINIC HOSPITAL LAB,30,5,35
2020-03-19 16:53:00 EDT,BAYCARE LABORATORIES LLC,31,0,31
2020-03-19 16:53:00 EDT,"BIO REFERENCE LABORATORIES, INC",25,4,29
2020-03-19 16:53:00 EDT,AVENTURA HOSPITAL LAB,22,3,25
2020-03-19 16:53:00 EDT,FLORIDA HOSPITAL WATERMAN LABORATORY,25,0,25
2020-03-19 16:53:00 EDT,CDC,17,7,24
2020-03-19 16:53:00 EDT,WESTSIDE REGIONAL MED CTR,16,7,23
2020-03-19 16:53:00 EDT,ARUP LABORATORIES,21,2,23
2020-03-19 16:53:00 EDT,DELRAY MEDICAL CENTER,13,2,15
2020-03-19 16:53:00 EDT,BAPTIST HOSPITAL OF MIAMI CLINICAL LABORATORY,13,0,13
2020-03-19 16:53:00 EDT,SARASOTA MEMORIAL HOSPITAL MAIN LAB,12,0,12
2020-03-19 16:53:00 EDT,LAKEWOOD RANCH MEDICAL CENTER,6,3,9
2020-03-19 16:53:00 EDT,UNIVERSITY HOSPITAL AND MEDICAL CENTER,8,1,9
2020-03-19 16:53:00 EDT,WELLINGTON REGIONAL MED CTR LAB,8,1,9
2020-03-19 16:53:00 EDT,FLORIDA HOSPITAL FISH MEMORIAL,9,0,9
2020-03-19 16:53:00 EDT,NORTHWEST MEDICAL CENTER,6,1,7
2020-03-19 16:53:00 EDT,BIO COLLECTIONS INC,0,7,7
2020-03-19 16:53:00 EDT,DOCTORS HOSPITAL,5,1,6
2020-03-19 16:53:00 EDT,FLORIDA HOSPITAL WESLEY CHAPEL,6,0,6
2020-03-19 16:53:00 EDT,TENNESSEE DOH - NASHVILLE,4,2,6
2020-03-19 16:53:00 EDT,MANATEE MEMORIAL HOSPITAL,5,0,5
2020-03-19 16:53:00 EDT,ADVENTHEALTH DAYTONA BEACH,5,0,5
2020-03-19 16:53:00 EDT,JFK MEDICAL CENTER LAB,1,3,4
2020-03-19 16:53:00 EDT,WEST KENDALL BAPTIST HOSPITAL LABORATORY,3,1,4
2020-03-19 16:53:00 EDT,MORTON PLANT HOSPITAL-ADLER INSTITUTE,4,0,4
2020-03-19 16:53:00 EDT,RAULERSON HOSPITAL,3,0,3
2020-03-19 16:53:00 EDT,BUREAU OF CLINICAL LABORATORIES,3,0,3
2020-03-19 16:53:00 EDT,FLORIDA HOSPITAL FLAGLER,2,1,3
2020-03-19 16:53:00 EDT,QUEST DIAGNOSTICS NICHOLS INSTITUTE,3,0,3
2020-03-19 16:53:00 EDT,UF PATHLABS,3,0,3
2020-03-19 16:53:00 EDT,LABCORP BURLINGTON (ELR),2,1,3
2020-03-19 16:53:00 EDT,MERCY HOSPITAL A CAMPUS OF PLANTATION GEN HOSP LAB,2,1,3
2020-03-19 16:53:00 EDT,VA MEDICAL CENTER,0,3,3
2020-03-19 16:53:00 EDT,PALMS WEST HOSPITAL LAB,1,1,2
2020-03-19 16:53:00 EDT,ST JOSEPHS HOSPITAL LABORATORY,2,0,2
2020-03-19 16:53:00 EDT,PLANTATION GENERAL HOSPITAL,2,0,2
2020-03-19 16:53:00 EDT,NEW YORK STATE ELR - NEW YORK HOSPITAL LABORATORIES,1,1,2
2020-03-19 16:53:00 EDT,QUEST DIAGNOSTICS,2,0,2
2020-03-19 16:53:00 EDT,FLORIDA HOSPITAL ZEPHYRHILLS,2,0,2
2020-03-19 16:53:00 EDT,WEST PALM HOSPITAL LAB,1,1,2
2020-03-19 16:53:00 EDT,JACKSON MEMORIAL HOSPITAL CLINICAL LAB,0,2,2
2020-03-19 16:53:00 EDT,LAB CORP,1,1,2
2020-03-19 16:53:00 EDT,FLORIDA HOSPITAL HEARTLAND MED CTR CLINICAL LAB,2,0,2
2020-03-19 16:53:00 EDT,MEMORIAL REGIONAL HOSPITAL CLINICAL LABORATORY,0,2,2
2020-03-19 16:53:00 EDT,QUEST DIAGNOSTICS NICHOLS INSTITUTE - SJC (LPP),1,1,2
2020-03-19 16:53:00 EDT,FLORIDA HOSPITAL DELAND,1,1,2
2020-03-19 16:53:00 EDT,MAYO CLINIC LABORATORIES,1,0,1
2020-03-19 16:53:00 EDT,VIERA HOSPITAL,0,1,1
2020-03-19 16:53:00 EDT,USAFSAM/PHE,0,1,1
2020-03-19 16:53:00 EDT,UNIVERSITY OF MIAMI HOSPITAL & CLINICS,0,1,1
2020-03-19 16:53:00 EDT,ARUP,0,1,1
2020-03-19 16:53:00 EDT,UHEALTH CORAL GABLES/LENNAR MED CTR,1,0,1
2020-03-19 16:53:00 EDT,UNKNOWN,0,1,1
2020-03-19 16:53:00 EDT,SOUTH LAKE HOSPITAL,0,1,1
2020-03-19 16:53:00 EDT,SOUTH MIAMI HOSPITAL LAB,1,0,1
2020-03-19 16:53:00 EDT,INDIAN RIVER MEDICAL CENTER LAB,0,1,1
2020-03-19 16:53:00 EDT,HOMESTEAD HOSPITAL CLINICAL LABORATORY,1,0,1
2020-03-19 16:53:00 EDT,JACKSON NORTH MEDICAL CENTER,0,1,1
2020-03-19 16:53:00 EDT,EGLIN AIRFORCE BASE LAB,0,1,1
2020-03-19 16:53:00 EDT,LABCORP BURLINGTON (LPP),0,1,1
2020-03-19 16:53:00 EDT,GULF BREEZE HOSPITAL LAB,1,0,1
2020-03-19 16:53:00 EDT,FLORIDA HOSPITAL NORTH PINELLAS,1,0,1
2020-03-19 16:53:00 EDT,FLORIDA HOSPITAL - TAMPA,1,0,1
2020-03-19 16:53:00 EDT,FLORIDA HOSPITAL OF CARROLLWOOD,1,0,1
2020-03-19 16:53:00 EDT,GESSLER CLINIC,0,1,1
2020-03-19 16:53:00 EDT,ENGLEWOOD COMMUNITY HOSPITAL,0,1,1
2020-03-19 16:53:00 EDT,LAWNWOOD REGIONAL MEDICAL CENTER,1,0,1
2020-03-19 16:53:00 EDT,PALMETTO GENERAL HOSPITAL LAB,1,0,1
2020-03-19 16:53:00 EDT,ORLANDO VAMC,1,0,1
2020-03-19 16:53:00 EDT,QUEST,0,1,1
2020-03-19 16:53:00 EDT,CALIFORNIA PUBLIC HEALTH LABORATORY,0,1,1
2020-03-19 16:53:00 EDT,QUEST DIAGNOSTICS - ATLANTA,1,0,1
2020-03-19 16:53:00 EDT,ORLANDO VA MEDICAL CENTER,0,1,1
2020-03-19 16:53:00 EDT,MHS LAB,1,0,1
2020-03-19 16:53:00 EDT,MARINERS HOSPITAL,1,0,1
2020-03-19 16:53:00 EDT,NEW YORK STATE ELR - DEPARTMENT OF CLINICAL LABS,1,0,1
2020-03-19 16:53:00 EDT,ORLANDO HEALTH,0,1,1
2020-03-19 16:53:00 EDT,NEW YORK STATE ELR - NEW YORK CITY DEPARTMENT OF HEALTH & MENTAL,1,0,1
2020-03-20 09:55:00 EDT,DOH-MIAMI,853,130,983
2020-03-20 09:55:00 EDT,DOH-TAMPA (SPECTRUM BLVD),644,76,720
2020-03-20 09:55:00 EDT,DOH-JACKSONVILLE,629,70,699
2020-03-20 09:55:00 EDT,QUEST DIAGNOSTICS - TAMPA,666,33,699
2020-03-20 09:55:00 EDT,LABORATORY CORPORATION OF AMERICA,642,34,676
2020-03-20 09:55:00 EDT,MEMORIAL REGIONAL HOSPITAL SOUTH,606,55,661
2020-03-20 09:55:00 EDT,ADVENT HEALTH LAB,468,35,503
2020-03-20 09:55:00 EDT,TAMPA GENERAL HOSPITAL,406,15,421
2020-03-20 09:55:00 EDT,SHANDS AT THE UNIVERSITY OF FLORIDA,127,2,129
2020-03-20 09:55:00 EDT,UNIVERSITY OF MIAMI HOSPITAL,78,29,107
2020-03-20 09:55:00 EDT,VIRACOR-EUROFINS LABORATORIES,68,25,93
2020-03-20 09:55:00 EDT,BAYCARE LABORATORIES LLC,83,0,83
2020-03-20 09:55:00 EDT,"QUEST DIAGNOSTICS NICHOLS INSTITUTE, INC.",73,6,79
2020-03-20 09:55:00 EDT,CLEVELAND CLINIC HOSPITAL LAB,55,5,60
2020-03-20 09:55:00 EDT,ARUP LABORATORIES,51,6,57
2020-03-20 09:55:00 EDT,QUEST DIAGNOSTICS NICHOLS INSTITUTE - SJC (ELR),48,7,55
2020-03-20 09:55:00 EDT,"BIO REFERENCE LABORATORIES, INC",25,4,29
2020-03-20 09:55:00 EDT,AVENTURA HOSPITAL LAB,22,3,25
2020-03-20 09:55:00 EDT,FLORIDA HOSPITAL WATERMAN LABORATORY,25,0,25
2020-03-20 09:55:00 EDT,CDC,17,7,24
2020-03-20 09:55:00 EDT,WESTSIDE REGIONAL MED CTR,16,7,23
2020-03-20 09:55:00 EDT,ST JOSEPHS HOSPITAL LABORATORY,19,0,19
2020-03-20 09:55:00 EDT,SARASOTA MEMORIAL HOSPITAL MAIN LAB,19,0,19
2020-03-20 09:55:00 EDT,DELRAY MEDICAL CENTER,13,2,15
2020-03-20 09:55:00 EDT,BAPTIST HOSPITAL OF MIAMI CLINICAL LABORATORY,13,0,13
2020-03-20 09:55:00 EDT,ST ANTHONY'S HOSPITAL LAB,13,0,13
2020-03-20 09:55:00 EDT,UNIVERSITY HOSPITAL AND MEDICAL CENTER,9,1,10
2020-03-20 09:55:00 EDT,FLORIDA HOSPITAL FISH MEMORIAL,9,0,9
2020-03-20 09:55:00 EDT,WELLINGTON REGIONAL MED CTR LAB,8,1,9
2020-03-20 09:55:00 EDT,PLANTATION GENERAL HOSPITAL,9,0,9
2020-03-20 09:55:00 EDT,LAKEWOOD RANCH MEDICAL CENTER,6,3,9
2020-03-20 09:55:00 EDT,MERCY HOSPITAL A CAMPUS OF PLANTATION GEN HOSP LAB,5,3,8
2020-03-20 09:55:00 EDT,WEST KENDALL BAPTIST HOSPITAL LABORATORY,4,4,8
2020-03-20 09:55:00 EDT,NORTHWEST MEDICAL CENTER,6,1,7
2020-03-20 09:55:00 EDT,BIO COLLECTIONS INC,0,7,7
2020-03-20 09:55:00 EDT,UF PATHLABS,6,0,6
2020-03-20 09:55:00 EDT,FLORIDA HOSPITAL WESLEY CHAPEL,6,0,6
2020-03-20 09:55:00 EDT,TENNESSEE DOH - NASHVILLE,4,2,6
2020-03-20 09:55:00 EDT,DOCTORS HOSPITAL,5,1,6
2020-03-20 09:55:00 EDT,MANATEE MEMORIAL HOSPITAL,5,0,5
2020-03-20 09:55:00 EDT,ADVENTHEALTH DAYTONA BEACH,5,0,5
2020-03-20 09:55:00 EDT,MORTON PLANT HOSPITAL-ADLER INSTITUTE,5,0,5
2020-03-20 09:55:00 EDT,JFK MEDICAL CENTER LAB,1,3,4
2020-03-20 09:55:00 EDT,LABCORP BURLINGTON (ELR),3,1,4
2020-03-20 09:55:00 EDT,FLORIDA HOSPITAL FLAGLER,3,1,4
2020-03-20 09:55:00 EDT,VA MEDICAL CENTER,0,3,3
2020-03-20 09:55:00 EDT,BUREAU OF CLINICAL LABORATORIES,3,0,3
2020-03-20 09:55:00 EDT,RAULERSON HOSPITAL,3,0,3
2020-03-20 09:55:00 EDT,MARINERS HOSPITAL,3,0,3
2020-03-20 09:55:00 EDT,QUEST DIAGNOSTICS NICHOLS INSTITUTE,3,0,3
2020-03-20 09:55:00 EDT,MEMORIAL REGIONAL HOSPITAL CLINICAL LABORATORY,0,2,2
2020-03-20 09:55:00 EDT,WEST PALM HOSPITAL LAB,1,1,2
2020-03-20 09:55:00 EDT,PALMS WEST HOSPITAL LAB,1,1,2
2020-03-20 09:55:00 EDT,QUEST DIAGNOSTICS,2,0,2
2020-03-20 09:55:00 EDT,QUEST DIAGNOSTICS NICHOLS INSTITUTE - SJC (LPP),1,1,2
2020-03-20 09:55:00 EDT,FLORIDA HOSPITAL HEARTLAND MED CTR CLINICAL LAB,2,0,2
2020-03-20 09:55:00 EDT,FLORIDA HOSPITAL ZEPHYRHILLS,2,0,2
2020-03-20 09:55:00 EDT,LAB CORP,1,1,2
2020-03-20 09:55:00 EDT,NEW YORK STATE ELR - NEW YORK HOSPITAL LABORATORIES,1,1,2
2020-03-20 09:55:00 EDT,JACKSON MEMORIAL HOSPITAL CLINICAL LAB,0,2,2
2020-03-20 09:55:00 EDT,FLORIDA HOSPITAL DELAND,1,1,2
2020-03-20 09:55:00 EDT,GESSLER CLINIC,0,1,1
2020-03-20 09:55:00 EDT,INDIAN RIVER MEDICAL CENTER LAB,0,1,1
2020-03-20 09:55:00 EDT,UHEALTH CORAL GABLES/LENNAR MED CTR,1,0,1
2020-03-20 09:55:00 EDT,ORLANDO HEALTH,0,1,1
2020-03-20 09:55:00 EDT,HOMESTEAD HOSPITAL CLINICAL LABORATORY,1,0,1
2020-03-20 09:55:00 EDT,GULF BREEZE HOSPITAL LAB,1,0,1
2020-03-20 09:55:00 EDT,VIERA HOSPITAL,0,1,1
2020-03-20 09:55:00 EDT,FLORIDA HOSPITAL - TAMPA,1,0,1
2020-03-20 09:55:00 EDT,FLORIDA HOSPITAL NORTH PINELLAS,1,0,1
2020-03-20 09:55:00 EDT,FLORIDA HOSPITAL OF CARROLLWOOD,1,0,1
2020-03-20 09:55:00 EDT,UNIVERSITY OF MIAMI HOSPITAL & CLINICS,0,1,1
2020-03-20 09:55:00 EDT,ARUP,0,1,1
2020-03-20 09:55:00 EDT,USAFSAM/PHE,0,1,1
2020-03-20 09:55:00 EDT,UNKNOWN,0,1,1
2020-03-20 09:55:00 EDT,QUEST,0,1,1
2020-03-20 09:55:00 EDT,NEW YORK STATE ELR - DEPARTMENT OF CLINICAL LABS,1,0,1
2020-03-20 09:55:00 EDT,QUEST DIAGNOSTICS - ATLANTA,1,0,1
2020-03-20 09:55:00 EDT,MHS LAB,1,0,1
2020-03-20 09:55:00 EDT,NEW YORK STATE ELR - NEW YORK CITY DEPARTMENT OF HEALTH & MENTAL,1,0,1
2020-03-20 09:55:00 EDT,ORLANDO VA MEDICAL CENTER,0,1,1
2020-03-20 09:55:00 EDT,NICHOLS INSTITUTE QUEST DIAGNOSTICS,0,1,1
2020-03-20 09:55:00 EDT,PALMETTO GENERAL HOSPITAL LAB,1,0,1
2020-03-20 09:55:00 EDT,ORLANDO VAMC,1,0,1
2020-03-20 09:55:00 EDT,JACKSON NORTH MEDICAL CENTER,0,1,1
2020-03-20 09:55:00 EDT,LABCORP BURLINGTON (LPP),0,1,1
2020-03-20 09:55:00 EDT,SOUTH MIAMI HOSPITAL LAB,1,0,1
2020-03-20 09:55:00 EDT,SOUTH LAKE HOSPITAL,0,1,1
2020-03-20 09:55:00 EDT,ENGLEWOOD COMMUNITY HOSPITAL,0,1,1
2020-03-20 09:55:00 EDT,MAYO CLINIC LABORATORIES,1,0,1
2020-03-20 09:55:00 EDT,EGLIN AIRFORCE BASE LAB,0,1,1
2020-03-20 09:55:00 EDT,LAWNWOOD REGIONAL MEDICAL CENTER,1,0,1
2020-03-20 09:55:00 EDT,CALIFORNIA PUBLIC HEALTH LABORATORY,0,1,1
2020-03-20 17:40:00 EDT,DOH-MIAMI,851,130,981
2020-03-20 17:40:00 EDT,LABORATORY CORPORATION OF AMERICA,812,44,856
2020-03-20 17:40:00 EDT,DOH-TAMPA (SPECTRUM BLVD),712,80,792
2020-03-20 17:40:00 EDT,DOH-JACKSONVILLE,630,70,700
2020-03-20 17:40:00 EDT,QUEST DIAGNOSTICS - TAMPA,666,33,699
2020-03-20 17:40:00 EDT,MEMORIAL REGIONAL HOSPITAL SOUTH,606,55,661
2020-03-20 17:40:00 EDT,ADVENT HEALTH LAB,474,35,509
2020-03-20 17:40:00 EDT,TAMPA GENERAL HOSPITAL,432,16,448
2020-03-20 17:40:00 EDT,SHANDS AT THE UNIVERSITY OF FLORIDA,127,2,129
2020-03-20 17:40:00 EDT,"QUEST DIAGNOSTICS NICHOLS INSTITUTE, INC.",109,8,117
2020-03-20 17:40:00 EDT,UNIVERSITY OF MIAMI HOSPITAL,82,29,111
2020-03-20 17:40:00 EDT,VIRACOR-EUROFINS LABORATORIES,68,25,93
2020-03-20 17:40:00 EDT,BAYCARE LABORATORIES LLC,83,0,83
2020-03-20 17:40:00 EDT,CLEVELAND CLINIC HOSPITAL LAB,55,5,60
2020-03-20 17:40:00 EDT,ARUP LABORATORIES,51,6,57
2020-03-20 17:40:00 EDT,QUEST DIAGNOSTICS NICHOLS INSTITUTE - SJC (ELR),48,7,55
2020-03-20 17:40:00 EDT,AVENTURA HOSPITAL LAB,41,8,49
2020-03-20 17:40:00 EDT,"BIO REFERENCE LABORATORIES, INC",42,5,47
2020-03-20 17:40:00 EDT,JFK MEDICAL CENTER LAB,33,10,43
2020-03-20 17:40:00 EDT,SARASOTA MEMORIAL HOSPITAL MAIN LAB,39,2,41
2020-03-20 17:40:00 EDT,WESTSIDE REGIONAL MED CTR,28,13,41
2020-03-20 17:40:00 EDT,MAYO CLINIC LABORATORIES,22,4,26
2020-03-20 17:40:00 EDT,FLORIDA HOSPITAL WATERMAN LABORATORY,25,0,25
2020-03-20 17:40:00 EDT,CDC,17,7,24
2020-03-20 17:40:00 EDT,UNIVERSITY HOSPITAL AND MEDICAL CENTER,18,3,21
2020-03-20 17:40:00 EDT,MERCY HOSPITAL A CAMPUS OF PLANTATION GEN HOSP LAB,15,5,20
2020-03-20 17:40:00 EDT,ST JOSEPHS HOSPITAL LABORATORY,19,1,20
2020-03-20 17:40:00 EDT,DELRAY MEDICAL CENTER,13,2,15
2020-03-20 17:40:00 EDT,NORTHWEST MEDICAL CENTER,13,1,14
2020-03-20 17:40:00 EDT,ST ANTHONY'S HOSPITAL LAB,13,0,13
2020-03-20 17:40:00 EDT,PLANTATION GENERAL HOSPITAL,13,0,13
2020-03-20 17:40:00 EDT,BAPTIST HOSPITAL OF MIAMI CLINICAL LABORATORY,13,0,13
2020-03-20 17:40:00 EDT,WELLINGTON REGIONAL MED CTR LAB,10,1,11
2020-03-20 17:40:00 EDT,FLORIDA HOSPITAL FISH MEMORIAL,9,0,9
2020-03-20 17:40:00 EDT,LAKEWOOD RANCH MEDICAL CENTER,6,3,9
2020-03-20 17:40:00 EDT,TENNESSEE DOH - NASHVILLE,5,4,9
2020-03-20 17:40:00 EDT,WEST KENDALL BAPTIST HOSPITAL LABORATORY,4,4,8
2020-03-20 17:40:00 EDT,WEST PALM HOSPITAL LAB,5,2,7
2020-03-20 17:40:00 EDT,BIO COLLECTIONS INC,0,7,7
2020-03-20 17:40:00 EDT,UF PATHLABS,6,0,6
2020-03-20 17:40:00 EDT,FLORIDA HOSPITAL WESLEY CHAPEL,6,0,6
2020-03-20 17:40:00 EDT,DOCTORS HOSPITAL,5,1,6
2020-03-20 17:40:00 EDT,MORTON PLANT HOSPITAL-ADLER INSTITUTE,5,0,5
2020-03-20 17:40:00 EDT,MANATEE MEMORIAL HOSPITAL,5,0,5
2020-03-20 17:40:00 EDT,ORLANDO HEALTH,0,5,5
2020-03-20 17:40:00 EDT,ADVENTHEALTH DAYTONA BEACH,5,0,5
2020-03-20 17:40:00 EDT,QUEST DIAGNOSTICS NICHOLS INSTITUTE,3,1,4
2020-03-20 17:40:00 EDT,FLORIDA HOSPITAL FLAGLER,3,1,4
2020-03-20 17:40:00 EDT,LABCORP BURLINGTON (ELR),3,1,4
2020-03-20 17:40:00 EDT,RAULERSON HOSPITAL,4,0,4
2020-03-20 17:40:00 EDT,TALLAHASSEE MEMORIAL HOSPITAL,4,0,4
2020-03-20 17:40:00 EDT,BUREAU OF CLINICAL LABORATORIES,3,0,3
2020-03-20 17:40:00 EDT,MARINERS HOSPITAL,3,0,3
2020-03-20 17:40:00 EDT,QUEST DIAGNOSTICS,3,0,3
2020-03-20 17:40:00 EDT,VA MEDICAL CENTER,0,3,3
2020-03-20 17:40:00 EDT,PALMS WEST HOSPITAL LAB,1,1,2
2020-03-20 17:40:00 EDT,QUEST DIAGNOSTICS NICHOLS INSTITUTE - SJC (LPP),1,1,2
2020-03-20 17:40:00 EDT,FLORIDA HOSPITAL ZEPHYRHILLS,2,0,2
2020-03-20 17:40:00 EDT,FLORIDA HOSPITAL HEARTLAND MED CTR CLINICAL LAB,2,0,2
2020-03-20 17:40:00 EDT,LAB CORP,1,1,2
2020-03-20 17:40:00 EDT,JACKSON MEMORIAL HOSPITAL CLINICAL LAB,0,2,2
2020-03-20 17:40:00 EDT,GULF BREEZE HOSPITAL LAB,2,0,2
2020-03-20 17:40:00 EDT,MEMORIAL REGIONAL HOSPITAL CLINICAL LABORATORY,0,2,2
2020-03-20 17:40:00 EDT,UHEALTH CORAL GABLES/LENNAR MED CTR,2,0,2
2020-03-20 17:40:00 EDT,NEW YORK STATE ELR - NEW YORK HOSPITAL LABORATORIES,1,1,2
2020-03-20 17:40:00 EDT,AMERICAN ESOTERIC LABORATORIES,0,2,2
2020-03-20 17:40:00 EDT,FLORIDA HOSPITAL DELAND,1,1,2
2020-03-20 17:40:00 EDT,NEW YORK STATE ELR - DEPARTMENT OF CLINICAL LABS,1,0,1
2020-03-20 17:40:00 EDT,VIERA HOSPITAL,0,1,1
2020-03-20 17:40:00 EDT,UNIVERSITY OF MIAMI HOSPITAL & CLINICS,0,1,1
2020-03-20 17:40:00 EDT,ST. ANTHONY'S HOSPITAL,0,1,1
2020-03-20 17:40:00 EDT,CALIFORNIA PUBLIC HEALTH LABORATORY,0,1,1
2020-03-20 17:40:00 EDT,UNKNOWN,0,1,1
2020-03-20 17:40:00 EDT,SOUTH LAKE HOSPITAL,0,1,1
2020-03-20 17:40:00 EDT,USAFSAM/PHE,0,1,1
2020-03-20 17:40:00 EDT,SOUTH MIAMI HOSPITAL LAB,1,0,1
2020-03-20 17:40:00 EDT,ENGLEWOOD COMMUNITY HOSPITAL,0,1,1
2020-03-20 17:40:00 EDT,JACKSON NORTH MEDICAL CENTER,0,1,1
2020-03-20 17:40:00 EDT,LABCORP BURLINGTON (LPP),0,1,1
2020-03-20 17:40:00 EDT,LAWNWOOD REGIONAL MEDICAL CENTER,1,0,1
2020-03-20 17:40:00 EDT,ARUP,0,1,1
2020-03-20 17:40:00 EDT,INDIAN RIVER MEDICAL CENTER LAB,0,1,1
2020-03-20 17:40:00 EDT,FLORIDA HOSPITAL NORTH PINELLAS,1,0,1
2020-03-20 17:40:00 EDT,FLORIDA HOSPITAL - TAMPA,1,0,1
2020-03-20 17:40:00 EDT,FLORIDA HOSPITAL OF CARROLLWOOD,1,0,1
2020-03-20 17:40:00 EDT,HOMESTEAD HOSPITAL CLINICAL LABORATORY,1,0,1
2020-03-20 17:40:00 EDT,GESSLER CLINIC,0,1,1
2020-03-20 17:40:00 EDT,QUEST,0,1,1
2020-03-20 17:40:00 EDT,PALMETTO GENERAL HOSPITAL LAB,1,0,1
2020-03-20 17:40:00 EDT,QUEST DIAGNOSTIC,0,1,1
2020-03-20 17:40:00 EDT,QUEST DIAGNOSTICS - WEST HILLS,1,0,1
2020-03-20 17:40:00 EDT,QUEST DIAGNOSTICS - ATLANTA,1,0,1
2020-03-20 17:40:00 EDT,ORLANDO VAMC,1,0,1
2020-03-20 17:40:00 EDT,EGLIN AIRFORCE BASE LAB,0,1,1
2020-03-20 17:40:00 EDT,MHS LAB,1,0,1
2020-03-20 17:40:00 EDT,NEW YORK STATE ELR - NEW YORK CITY DEPARTMENT OF HEALTH & MENTAL,1,0,1
2020-03-20 17:40:00 EDT,ORLANDO VA MEDICAL CENTER,0,1,1
2020-03-20 17:40:00 EDT,NICHOLS INSTITUTE QUEST DIAGNOSTICS,0,1,1
2020-03-21 10:08:00 EDT,DOH-MIAMI,948,148,1096
2020-03-21 10:08:00 EDT,DOH-TAMPA (SPECTRUM BLVD),780,92,872
2020-03-21 10:08:00 EDT,LABORATORY CORPORATION OF AMERICA,812,44,856
2020-03-21 10:08:00 EDT,MEMORIAL REGIONAL HOSPITAL SOUTH,765,74,839
2020-03-21 10:08:00 EDT,DOH-JACKSONVILLE,755,79,834
2020-03-21 10:08:00 EDT,QUEST DIAGNOSTICS - TAMPA,666,34,700
2020-03-21 10:08:00 EDT,ADVENT HEALTH LAB,492,38,530
2020-03-21 10:08:00 EDT,TAMPA GENERAL HOSPITAL,491,20,511
2020-03-21 10:08:00 EDT,SHANDS AT THE UNIVERSITY OF FLORIDA,215,7,222
2020-03-21 10:08:00 EDT,BAYCARE LABORATORIES LLC,149,5,154
2020-03-21 10:08:00 EDT,UNIVERSITY OF MIAMI HOSPITAL,93,30,123
2020-03-21 10:08:00 EDT,"QUEST DIAGNOSTICS NICHOLS INSTITUTE, INC.",109,9,118
2020-03-21 10:08:00 EDT,BAPTIST HOSPITAL OF MIAMI CLINICAL LABORATORY,112,1,113
2020-03-21 10:08:00 EDT,VIRACOR-EUROFINS LABORATORIES,68,25,93
2020-03-21 10:08:00 EDT,ARUP LABORATORIES,59,6,65
2020-03-21 10:08:00 EDT,CLEVELAND CLINIC HOSPITAL LAB,55,5,60
2020-03-21 10:08:00 EDT,LAWNWOOD REGIONAL MEDICAL CENTER,57,0,57
2020-03-21 10:08:00 EDT,QUEST DIAGNOSTICS NICHOLS INSTITUTE - SJC (ELR),48,7,55
2020-03-21 10:08:00 EDT,JFK MEDICAL CENTER LAB,39,12,51
2020-03-21 10:08:00 EDT,AVENTURA HOSPITAL LAB,42,8,50
2020-03-21 10:08:00 EDT,"BIO REFERENCE LABORATORIES, INC",42,5,47
2020-03-21 10:08:00 EDT,WESTSIDE REGIONAL MED CTR,30,13,43
2020-03-21 10:08:00 EDT,SOUTH MIAMI HOSPITAL LAB,41,1,42
2020-03-21 10:08:00 EDT,SARASOTA MEMORIAL HOSPITAL MAIN LAB,39,2,41
2020-03-21 10:08:00 EDT,FLORIDA HOSPITAL WATERMAN LABORATORY,32,0,32
2020-03-21 10:08:00 EDT,ST JOSEPHS HOSPITAL LABORATORY,27,3,30
2020-03-21 10:08:00 EDT,WEST KENDALL BAPTIST HOSPITAL LABORATORY,23,6,29
2020-03-21 10:08:00 EDT,MAYO CLINIC LABORATORIES,22,4,26
2020-03-21 10:08:00 EDT,CDC,17,7,24
2020-03-21 10:08:00 EDT,UNIVERSITY HOSPITAL AND MEDICAL CENTER,20,3,23
2020-03-21 10:08:00 EDT,MERCY HOSPITAL A CAMPUS OF PLANTATION GEN HOSP LAB,16,6,22
2020-03-21 10:08:00 EDT,DELRAY MEDICAL CENTER,13,2,15
2020-03-21 10:08:00 EDT,ST ANTHONY'S HOSPITAL LAB,15,0,15
2020-03-21 10:08:00 EDT,TALLAHASSEE MEMORIAL HOSPITAL,13,1,14
2020-03-21 10:08:00 EDT,NORTHWEST MEDICAL CENTER,13,1,14
2020-03-21 10:08:00 EDT,PLANTATION GENERAL HOSPITAL,13,0,13
2020-03-21 10:08:00 EDT,DOCTORS HOSPITAL,11,2,13
2020-03-21 10:08:00 EDT,WELLINGTON REGIONAL MED CTR LAB,10,1,11
2020-03-21 10:08:00 EDT,FLORIDA HOSPITAL FISH MEMORIAL,10,0,10
2020-03-21 10:08:00 EDT,LAKEWOOD RANCH MEDICAL CENTER,6,3,9
2020-03-21 10:08:00 EDT,UF PATHLABS,9,0,9
2020-03-21 10:08:00 EDT,TENNESSEE DOH - NASHVILLE,5,4,9
2020-03-21 10:08:00 EDT,JACKSON MEMORIAL HOSPITAL CLINICAL LAB,0,8,8
2020-03-21 10:08:00 EDT,ADVENTHEALTH DAYTONA BEACH,7,1,8
2020-03-21 10:08:00 EDT,WEST PALM HOSPITAL LAB,5,2,7
2020-03-21 10:08:00 EDT,BIO COLLECTIONS INC,0,7,7
2020-03-21 10:08:00 EDT,ORLANDO HEALTH,0,7,7
2020-03-21 10:08:00 EDT,FLORIDA HOSPITAL FLAGLER,6,1,7
2020-03-21 10:08:00 EDT,FLORIDA HOSPITAL WESLEY CHAPEL,6,0,6
2020-03-21 10:08:00 EDT,MORTON PLANT HOSPITAL-ADLER INSTITUTE,6,0,6
2020-03-21 10:08:00 EDT,MANATEE MEMORIAL HOSPITAL,5,0,5
2020-03-21 10:08:00 EDT,LABCORP BURLINGTON (ELR),3,1,4
2020-03-21 10:08:00 EDT,RAULERSON HOSPITAL,4,0,4
2020-03-21 10:08:00 EDT,HOMESTEAD HOSPITAL CLINICAL LABORATORY,4,0,4
2020-03-21 10:08:00 EDT,QUEST DIAGNOSTICS NICHOLS INSTITUTE,3,1,4
2020-03-21 10:08:00 EDT,VA MEDICAL CENTER,0,3,3
2020-03-21 10:08:00 EDT,EGLIN AIRFORCE BASE LAB,0,3,3
2020-03-21 10:08:00 EDT,BUREAU OF CLINICAL LABORATORIES,3,0,3
2020-03-21 10:08:00 EDT,MARINERS HOSPITAL,3,0,3
2020-03-21 10:08:00 EDT,QUEST DIAGNOSTICS,3,0,3
2020-03-21 10:08:00 EDT,BAPTIST MEDICAL CENTER JACKSONVILLE,1,1,2
2020-03-21 10:08:00 EDT,FLORIDA HOSPITAL DELAND,1,1,2
2020-03-21 10:08:00 EDT,PHYSICIANS STAT LAB,0,2,2
2020-03-21 10:08:00 EDT,QUEST DIAGNOSTICS NICHOLS INSTITUTE - SJC (LPP),1,1,2
2020-03-21 10:08:00 EDT,PALMS WEST HOSPITAL LAB,1,1,2
2020-03-21 10:08:00 EDT,GULF BREEZE HOSPITAL LAB,2,0,2
2020-03-21 10:08:00 EDT,FLORIDA HOSPITAL ZEPHYRHILLS,2,0,2
2020-03-21 10:08:00 EDT,MEMORIAL REGIONAL HOSPITAL CLINICAL LABORATORY,0,2,2
2020-03-21 10:08:00 EDT,LABCORP BURLINGTON (LPP),0,2,2
2020-03-21 10:08:00 EDT,LAB CORP,1,1,2
2020-03-21 10:08:00 EDT,FLORIDA HOSPITAL OF CARROLLWOOD,2,0,2
2020-03-21 10:08:00 EDT,FLORIDA HOSPITAL HEARTLAND MED CTR CLINICAL LAB,2,0,2
2020-03-21 10:08:00 EDT,UHEALTH CORAL GABLES/LENNAR MED CTR,2,0,2
2020-03-21 10:08:00 EDT,NEW YORK STATE ELR - NEW YORK HOSPITAL LABORATORIES,1,1,2
2020-03-21 10:08:00 EDT,AMERICAN ESOTERIC LABORATORIES,0,2,2
2020-03-21 10:08:00 EDT,SOUTH LAKE HOSPITAL,0,1,1
2020-03-21 10:08:00 EDT,VIERA HOSPITAL,0,1,1
2020-03-21 10:08:00 EDT,ENGLEWOOD COMMUNITY HOSPITAL,0,1,1
2020-03-21 10:08:00 EDT,ST LUCIE MEDICAL CENTER,1,0,1
2020-03-21 10:08:00 EDT,UNIVERSITY OF MIAMI HOSPITAL & CLINICS,0,1,1
2020-03-21 10:08:00 EDT,ST. ANTHONY'S HOSPITAL,0,1,1
2020-03-21 10:08:00 EDT,USAFSAM/PHE,0,1,1
2020-03-21 10:08:00 EDT,ARUP,0,1,1
2020-03-21 10:08:00 EDT,UNKNOWN,0,1,1
2020-03-21 10:08:00 EDT,DIATHERIX LABORATORIES,0,1,1
2020-03-21 10:08:00 EDT,LABCORP,0,1,1
2020-03-21 10:08:00 EDT,MHS LAB,1,0,1
2020-03-21 10:08:00 EDT,NEW YORK STATE ELR - NEW YORK CITY DEPARTMENT OF HEALTH & MENTAL,1,0,1
2020-03-21 10:08:00 EDT,NEW YORK STATE ELR - DEPARTMENT OF CLINICAL LABS,1,0,1
2020-03-21 10:08:00 EDT,JACKSON NORTH MEDICAL CENTER,0,1,1
2020-03-21 10:08:00 EDT,FLORIDA HOSPITAL NORTH PINELLAS,1,0,1
2020-03-21 10:08:00 EDT,FLORIDA HOSPITAL - TAMPA,1,0,1
2020-03-21 10:08:00 EDT,GESSLER CLINIC,0,1,1
2020-03-21 10:08:00 EDT,INDIAN RIVER MEDICAL CENTER LAB,0,1,1
2020-03-21 10:08:00 EDT,HIGHLANDS REGIONAL MEDICAL CENTER,1,0,1
2020-03-21 10:08:00 EDT,NICHOLS INSTITUTE QUEST DIAGNOSTICS,0,1,1
2020-03-21 10:08:00 EDT,CALIFORNIA PUBLIC HEALTH LABORATORY,0,1,1
2020-03-21 10:08:00 EDT,QUEST DIAGNOSTICS - ATLANTA,1,0,1
2020-03-21 10:08:00 EDT,QUEST DIAGNOSTICS - WEST HILLS,1,0,1
2020-03-21 10:08:00 EDT,SHANDS JACKSONVILLE MEDICAL CENTER INC,1,0,1
2020-03-21 10:08:00 EDT,SACRED HEART HOSPITAL LABORATORY,0,1,1
2020-03-21 10:08:00 EDT,QUEST DIAGNOSTIC,0,1,1
2020-03-21 10:08:00 EDT,ORLANDO VA MEDICAL CENTER,0,1,1
2020-03-21 10:08:00 EDT,OAK HILL HOSPITAL,0,1,1
2020-03-21 10:08:00 EDT,ORLANDO VAMC,1,0,1
2020-03-21 10:08:00 EDT,QUEST,0,1,1
2020-03-21 10:08:00 EDT,PALMETTO GENERAL HOSPITAL LAB,1,0,1
2020-03-21 17:31:00 EDT,BPHL-MIAMI,947,148,1095
2020-03-21 17:31:00 EDT,LABORATORY CORPORATION OF AMERICA,986,68,1054
2020-03-21 17:31:00 EDT,BPHL-TAMPA (SPECTRUM BLVD),851,108,959
2020-03-21 17:31:00 EDT,MEMORIAL REGIONAL HOSPITAL SOUTH,765,74,839
2020-03-21 17:31:00 EDT,DOH-JACKSONVILLE,755,79,834
2020-03-21 17:31:00 EDT,QUEST DIAGNOSTICS - TAMPA,730,40,770
2020-03-21 17:31:00 EDT,TAMPA GENERAL HOSPITAL,512,24,536
2020-03-21 17:31:00 EDT,ADVENT HEALTH LAB,496,38,534
2020-03-21 17:31:00 EDT,SHANDS AT THE UNIVERSITY OF FLORIDA,234,7,241
2020-03-21 17:31:00 EDT,"QUEST DIAGNOSTICS NICHOLS INSTITUTE, INC.",183,15,198
2020-03-21 17:31:00 EDT,BAYCARE LABORATORIES LLC,149,5,154
2020-03-21 17:31:00 EDT,"BIO REFERENCE LABORATORIES, INC",120,11,131
2020-03-21 17:31:00 EDT,UNIVERSITY OF MIAMI HOSPITAL,93,30,123
2020-03-21 17:31:00 EDT,BAPTIST HOSPITAL OF MIAMI CLINICAL LABORATORY,112,1,113
2020-03-21 17:31:00 EDT,VIRACOR-EUROFINS LABORATORIES,68,25,93
2020-03-21 17:31:00 EDT,CLEVELAND CLINIC HOSPITAL LAB,68,12,80
2020-03-21 17:31:00 EDT,ARUP LABORATORIES,59,6,65
2020-03-21 17:31:00 EDT,MAYO CLINIC LABORATORIES,53,8,61
2020-03-21 17:31:00 EDT,SARASOTA MEMORIAL HOSPITAL MAIN LAB,54,6,60
2020-03-21 17:31:00 EDT,LAWNWOOD REGIONAL MEDICAL CENTER,57,0,57
2020-03-21 17:31:00 EDT,QUEST DIAGNOSTICS NICHOLS INSTITUTE - SJC (ELR),48,7,55
2020-03-21 17:31:00 EDT,JFK MEDICAL CENTER LAB,39,12,51
2020-03-21 17:31:00 EDT,AVENTURA HOSPITAL LAB,42,8,50
2020-03-21 17:31:00 EDT,WESTSIDE REGIONAL MED CTR,32,13,45
2020-03-21 17:31:00 EDT,SOUTH MIAMI HOSPITAL LAB,41,1,42
2020-03-21 17:31:00 EDT,FLORIDA HOSPITAL WATERMAN LABORATORY,32,0,32
2020-03-21 17:31:00 EDT,ST JOSEPHS HOSPITAL LABORATORY,27,3,30
2020-03-21 17:31:00 EDT,WEST KENDALL BAPTIST HOSPITAL LABORATORY,23,6,29
2020-03-21 17:31:00 EDT,CDC,17,7,24
2020-03-21 17:31:00 EDT,UNIVERSITY HOSPITAL AND MEDICAL CENTER,20,3,23
2020-03-21 17:31:00 EDT,MERCY HOSPITAL A CAMPUS OF PLANTATION GEN HOSP LAB,16,6,22
2020-03-21 17:31:00 EDT,ST ANTHONY'S HOSPITAL LAB,15,0,15
2020-03-21 17:31:00 EDT,TALLAHASSEE MEMORIAL HOSPITAL,14,1,15
2020-03-21 17:31:00 EDT,DELRAY MEDICAL CENTER,13,2,15
2020-03-21 17:31:00 EDT,NORTHWEST MEDICAL CENTER,13,1,14
2020-03-21 17:31:00 EDT,PLANTATION GENERAL HOSPITAL,13,0,13
2020-03-21 17:31:00 EDT,DOCTORS HOSPITAL,11,2,13
2020-03-21 17:31:00 EDT,WELLINGTON REGIONAL MED CTR LAB,10,1,11
2020-03-21 17:31:00 EDT,TENNESSEE DOH - NASHVILLE,7,4,11
2020-03-21 17:31:00 EDT,FLORIDA HOSPITAL FISH MEMORIAL,10,0,10
2020-03-21 17:31:00 EDT,LAKEWOOD RANCH MEDICAL CENTER,6,3,9
2020-03-21 17:31:00 EDT,UF PATHLABS,9,0,9
2020-03-21 17:31:00 EDT,ADVENTHEALTH DAYTONA BEACH,7,1,8
2020-03-21 17:31:00 EDT,JACKSON MEMORIAL HOSPITAL CLINICAL LAB,0,8,8
2020-03-21 17:31:00 EDT,BIO COLLECTIONS INC,0,7,7
2020-03-21 17:31:00 EDT,WEST PALM HOSPITAL LAB,5,2,7
2020-03-21 17:31:00 EDT,FLORIDA HOSPITAL FLAGLER,6,1,7
2020-03-21 17:31:00 EDT,ORLANDO HEALTH,0,7,7
2020-03-21 17:31:00 EDT,FLORIDA HOSPITAL WESLEY CHAPEL,6,0,6
2020-03-21 17:31:00 EDT,MORTON PLANT HOSPITAL-ADLER INSTITUTE,6,0,6
2020-03-21 17:31:00 EDT,LABCORP BURLINGTON (ELR),3,2,5
2020-03-21 17:31:00 EDT,MANATEE MEMORIAL HOSPITAL,5,0,5
2020-03-21 17:31:00 EDT,QUEST DIAGNOSTICS NICHOLS INSTITUTE,3,1,4
2020-03-21 17:31:00 EDT,RAULERSON HOSPITAL,4,0,4
2020-03-21 17:31:00 EDT,HOMESTEAD HOSPITAL CLINICAL LABORATORY,4,0,4
2020-03-21 17:31:00 EDT,QUEST DIAGNOSTICS,3,1,4
2020-03-21 17:31:00 EDT,VA MEDICAL CENTER,0,3,3
2020-03-21 17:31:00 EDT,MARINERS HOSPITAL,3,0,3
2020-03-21 17:31:00 EDT,BUREAU OF CLINICAL LABORATORIES,3,0,3
2020-03-21 17:31:00 EDT,EGLIN AIRFORCE BASE LAB,0,3,3
2020-03-21 17:31:00 EDT,QUEST DIAGNOSTICS NICHOLS INSTITUTE - SJC (LPP),1,1,2
2020-03-21 17:31:00 EDT,PHYSICIANS STAT LAB,0,2,2
2020-03-21 17:31:00 EDT,PALMS WEST HOSPITAL LAB,1,1,2
2020-03-21 17:31:00 EDT,BAPTIST MEDICAL CENTER JACKSONVILLE,1,1,2
2020-03-21 17:31:00 EDT,LABCORP,0,2,2
2020-03-21 17:31:00 EDT,LAB CORP,1,1,2
2020-03-21 17:31:00 EDT,MEMORIAL REGIONAL HOSPITAL CLINICAL LABORATORY,0,2,2
2020-03-21 17:31:00 EDT,LABCORP BURLINGTON (LPP),0,2,2
2020-03-21 17:31:00 EDT,FLORIDA HOSPITAL OF CARROLLWOOD,2,0,2
2020-03-21 17:31:00 EDT,FLORIDA HOSPITAL HEARTLAND MED CTR CLINICAL LAB,2,0,2
2020-03-21 17:31:00 EDT,GULF BREEZE HOSPITAL LAB,2,0,2
2020-03-21 17:31:00 EDT,FLORIDA HOSPITAL ZEPHYRHILLS,2,0,2
2020-03-21 17:31:00 EDT,FLORIDA HOSPITAL DELAND,1,1,2
2020-03-21 17:31:00 EDT,AMERICAN ESOTERIC LABORATORIES,0,2,2
2020-03-21 17:31:00 EDT,NEW YORK STATE ELR - NEW YORK HOSPITAL LABORATORIES,1,1,2
2020-03-21 17:31:00 EDT,UHEALTH CORAL GABLES/LENNAR MED CTR,2,0,2
2020-03-21 17:31:00 EDT,ARUP,0,1,1
2020-03-21 17:31:00 EDT,MHS LAB,1,0,1
2020-03-21 17:31:00 EDT,SOUTH LAKE HOSPITAL,0,1,1
2020-03-21 17:31:00 EDT,USAFSAM/PHE,0,1,1
2020-03-21 17:31:00 EDT,ST. ANTHONY'S HOSPITAL,0,1,1
2020-03-21 17:31:00 EDT,ST LUCIE MEDICAL CENTER,1,0,1
2020-03-21 17:31:00 EDT,UNKNOWN,0,1,1
2020-03-21 17:31:00 EDT,VIERA HOSPITAL,0,1,1
2020-03-21 17:31:00 EDT,UNIVERSITY OF MIAMI HOSPITAL & CLINICS,0,1,1
2020-03-21 17:31:00 EDT,SHANDS JACKSONVILLE MEDICAL CENTER INC,1,0,1
2020-03-21 17:31:00 EDT,DIATHERIX LABORATORIES,0,1,1
2020-03-21 17:31:00 EDT,ENGLEWOOD COMMUNITY HOSPITAL,0,1,1
2020-03-21 17:31:00 EDT,NEW YORK STATE ELR - DEPARTMENT OF CLINICAL LABS,1,0,1
2020-03-21 17:31:00 EDT,NICHOLS INSTITUTE QUEST DIAGNOSTICS,0,1,1
2020-03-21 17:31:00 EDT,NEW YORK STATE ELR - NEW YORK CITY DEPARTMENT OF HEALTH & MENTAL,1,0,1
2020-03-21 17:31:00 EDT,FLORIDA HOSPITAL - TAMPA,1,0,1
2020-03-21 17:31:00 EDT,GESSLER CLINIC,0,1,1
2020-03-21 17:31:00 EDT,FLORIDA HOSPITAL NORTH PINELLAS,1,0,1
2020-03-21 17:31:00 EDT,HIGHLANDS REGIONAL MEDICAL CENTER,1,0,1
2020-03-21 17:31:00 EDT,JACKSON NORTH MEDICAL CENTER,0,1,1
2020-03-21 17:31:00 EDT,INDIAN RIVER MEDICAL CENTER LAB,0,1,1
2020-03-21 17:31:00 EDT,OAK HILL HOSPITAL,0,1,1
2020-03-21 17:31:00 EDT,QUEST DIAGNOSTICS - WEST HILLS,1,0,1
2020-03-21 17:31:00 EDT,QUEST DIAGNOSTICS - ATLANTA,1,0,1
2020-03-21 17:31:00 EDT,CALIFORNIA PUBLIC HEALTH LABORATORY,0,1,1
2020-03-21 17:31:00 EDT,SACRED HEART-EMERALD COAST,0,1,1
2020-03-21 17:31:00 EDT,SACRED HEART HOSPITAL LABORATORY,0,1,1
2020-03-21 17:31:00 EDT,QUEST DIAGNOSTIC,0,1,1
2020-03-21 17:31:00 EDT,ORLANDO VAMC,1,0,1
2020-03-21 17:31:00 EDT,ORLANDO VA MEDICAL CENTER,0,1,1
2020-03-21 17:31:00 EDT,OSCEOLA REGIONAL MEDICAL CENTER,0,1,1
2020-03-21 17:31:00 EDT,QUEST,0,1,1
2020-03-21 17:31:00 EDT,PALMETTO GENERAL HOSPITAL LAB,1,0,1
2020-03-22 09:51:00 EDT,LABORATORY CORPORATION OF AMERICA,1746,128,1874
2020-03-22 09:51:00 EDT,BPHL-MIAMI,1073,168,1241
2020-03-22 09:51:00 EDT,BPHL-TAMPA (SPECTRUM BLVD),852,108,960
2020-03-22 09:51:00 EDT,DOH-JACKSONVILLE,800,92,892
2020-03-22 09:51:00 EDT,QUEST DIAGNOSTICS - TAMPA,833,48,881
2020-03-22 09:51:00 EDT,MEMORIAL REGIONAL HOSPITAL SOUTH,765,74,839
2020-03-22 09:51:00 EDT,TAMPA GENERAL HOSPITAL,552,26,578
2020-03-22 09:51:00 EDT,ADVENT HEALTH LAB,517,44,561
2020-03-22 09:51:00 EDT,SHANDS AT THE UNIVERSITY OF FLORIDA,296,10,306
2020-03-22 09:51:00 EDT,"QUEST DIAGNOSTICS NICHOLS INSTITUTE, INC.",183,17,200
2020-03-22 09:51:00 EDT,BAYCARE LABORATORIES LLC,149,5,154
2020-03-22 09:51:00 EDT,"BIO REFERENCE LABORATORIES, INC",120,11,131
2020-03-22 09:51:00 EDT,UNIVERSITY OF MIAMI HOSPITAL,94,30,124
2020-03-22 09:51:00 EDT,BAPTIST HOSPITAL OF MIAMI CLINICAL LABORATORY,112,1,113
2020-03-22 09:51:00 EDT,VIRACOR-EUROFINS LABORATORIES,68,25,93
2020-03-22 09:51:00 EDT,QUEST DIAGNOSTICS NICHOLS INSTITUTE - SJC (ELR),74,13,87
2020-03-22 09:51:00 EDT,CLEVELAND CLINIC HOSPITAL LAB,68,12,80
2020-03-22 09:51:00 EDT,ARUP LABORATORIES,59,6,65
2020-03-22 09:51:00 EDT,SARASOTA MEMORIAL HOSPITAL MAIN LAB,57,6,63
2020-03-22 09:51:00 EDT,MAYO CLINIC LABORATORIES,53,8,61
2020-03-22 09:51:00 EDT,LAWNWOOD REGIONAL MEDICAL CENTER,57,0,57
2020-03-22 09:51:00 EDT,JFK MEDICAL CENTER LAB,39,12,51
2020-03-22 09:51:00 EDT,AVENTURA HOSPITAL LAB,42,8,50
2020-03-22 09:51:00 EDT,WESTSIDE REGIONAL MED CTR,35,13,48
2020-03-22 09:51:00 EDT,SOUTH MIAMI HOSPITAL LAB,41,1,42
2020-03-22 09:51:00 EDT,NAPLES COMMUNITY HOSPITAL,39,1,40
2020-03-22 09:51:00 EDT,FLORIDA HOSPITAL WATERMAN LABORATORY,32,0,32
2020-03-22 09:51:00 EDT,ST JOSEPHS HOSPITAL LABORATORY,27,3,30
2020-03-22 09:51:00 EDT,WEST KENDALL BAPTIST HOSPITAL LABORATORY,23,6,29
2020-03-22 09:51:00 EDT,UNIVERSITY HOSPITAL AND MEDICAL CENTER,22,3,25
2020-03-22 09:51:00 EDT,CDC,17,7,24
2020-03-22 09:51:00 EDT,MERCY HOSPITAL A CAMPUS OF PLANTATION GEN HOSP LAB,16,6,22
2020-03-22 09:51:00 EDT,DELRAY MEDICAL CENTER,13,2,15
2020-03-22 09:51:00 EDT,ST ANTHONY'S HOSPITAL LAB,15,0,15
2020-03-22 09:51:00 EDT,TALLAHASSEE MEMORIAL HOSPITAL,14,1,15
2020-03-22 09:51:00 EDT,NORTHWEST MEDICAL CENTER,13,1,14
2020-03-22 09:51:00 EDT,DOCTORS HOSPITAL,11,2,13
2020-03-22 09:51:00 EDT,PLANTATION GENERAL HOSPITAL,13,0,13
2020-03-22 09:51:00 EDT,WELLINGTON REGIONAL MED CTR LAB,12,1,13
2020-03-22 09:51:00 EDT,LAKEWOOD RANCH MEDICAL CENTER,8,3,11
2020-03-22 09:51:00 EDT,FLORIDA HOSPITAL FISH MEMORIAL,11,0,11
2020-03-22 09:51:00 EDT,TENNESSEE DOH - NASHVILLE,7,4,11
2020-03-22 09:51:00 EDT,UF PATHLABS,11,0,11
2020-03-22 09:51:00 EDT,OSCEOLA REGIONAL MEDICAL CENTER,8,1,9
2020-03-22 09:51:00 EDT,ADVENTHEALTH DAYTONA BEACH,7,1,8
2020-03-22 09:51:00 EDT,JACKSON MEMORIAL HOSPITAL CLINICAL LAB,0,8,8
2020-03-22 09:51:00 EDT,WEST PALM HOSPITAL LAB,5,2,7
2020-03-22 09:51:00 EDT,NCH NORTH NAPLES HOSPITAL LAB,6,1,7
2020-03-22 09:51:00 EDT,BIO COLLECTIONS INC,0,7,7
2020-03-22 09:51:00 EDT,ORLANDO HEALTH,0,7,7
2020-03-22 09:51:00 EDT,LABCORP BURLINGTON (ELR),3,4,7
2020-03-22 09:51:00 EDT,FLORIDA HOSPITAL FLAGLER,6,1,7
2020-03-22 09:51:00 EDT,MANATEE MEMORIAL HOSPITAL,6,0,6
2020-03-22 09:51:00 EDT,FLORIDA HOSPITAL WESLEY CHAPEL,6,0,6
2020-03-22 09:51:00 EDT,MORTON PLANT HOSPITAL-ADLER INSTITUTE,6,0,6
2020-03-22 09:51:00 EDT,RAULERSON HOSPITAL,5,0,5
2020-03-22 09:51:00 EDT,QUEST DIAGNOSTICS,3,2,5
2020-03-22 09:51:00 EDT,GULF BREEZE HOSPITAL LAB,5,0,5
2020-03-22 09:51:00 EDT,QUEST DIAGNOSTICS NICHOLS INSTITUTE,3,1,4
2020-03-22 09:51:00 EDT,HOMESTEAD HOSPITAL CLINICAL LABORATORY,4,0,4
2020-03-22 09:51:00 EDT,SACRED HEART HOSPITAL LABORATORY,0,4,4
2020-03-22 09:51:00 EDT,BUREAU OF CLINICAL LABORATORIES,3,0,3
2020-03-22 09:51:00 EDT,NCH NORTHEAST,3,0,3
2020-03-22 09:51:00 EDT,SHANDS JACKSONVILLE MEDICAL CENTER INC,3,0,3
2020-03-22 09:51:00 EDT,EGLIN AIRFORCE BASE LAB,0,3,3
2020-03-22 09:51:00 EDT,VA MEDICAL CENTER,0,3,3
2020-03-22 09:51:00 EDT,MARINERS HOSPITAL,3,0,3
2020-03-22 09:51:00 EDT,FLORIDA HOSPITAL DELAND,2,1,3
2020-03-22 09:51:00 EDT,FLORIDA HOSPITAL - TAMPA,3,0,3
2020-03-22 09:51:00 EDT,QUEST DIAGNOSTIC INC,0,2,2
2020-03-22 09:51:00 EDT,LABCORP,0,2,2
2020-03-22 09:51:00 EDT,BAPTIST HOSPITAL LABORATORY,2,0,2
2020-03-22 09:51:00 EDT,QUEST,0,2,2
2020-03-22 09:51:00 EDT,LAB CORP,1,1,2
2020-03-22 09:51:00 EDT,QUEST DIAGNOSTICS NICHOLS INSTITUTE - SJC (LPP),1,1,2
2020-03-22 09:51:00 EDT,BAPTIST MEDICAL CENTER JACKSONVILLE,1,1,2
2020-03-22 09:51:00 EDT,FLORIDA HOSPITAL HEARTLAND MED CTR CLINICAL LAB,2,0,2
2020-03-22 09:51:00 EDT,FLORIDA HOSPITAL ZEPHYRHILLS,2,0,2
2020-03-22 09:51:00 EDT,FLORIDA HOSPITAL OF CARROLLWOOD,2,0,2
2020-03-22 09:51:00 EDT,PHYSICIANS STAT LAB,0,2,2
2020-03-22 09:51:00 EDT,AMERICAN ESOTERIC LABORATORIES,0,2,2
2020-03-22 09:51:00 EDT,UHEALTH CORAL GABLES/LENNAR MED CTR,2,0,2
2020-03-22 09:51:00 EDT,NEW YORK STATE ELR - NEW YORK HOSPITAL LABORATORIES,1,1,2
2020-03-22 09:51:00 EDT,MEMORIAL REGIONAL HOSPITAL CLINICAL LABORATORY,0,2,2
2020-03-22 09:51:00 EDT,LABCORP BURLINGTON (LPP),0,2,2
2020-03-22 09:51:00 EDT,DIATHERIX LABORATORIES,0,2,2
2020-03-22 09:51:00 EDT,PALMS WEST HOSPITAL LAB,1,1,2
2020-03-22 09:51:00 EDT,MORTON PLANT HOSPITAL/LAB,0,1,1
2020-03-22 09:51:00 EDT,UNIVERSITY OF MIAMI HOSPITAL & CLINICS,0,1,1
2020-03-22 09:51:00 EDT,AIT LABORATORIES,0,1,1
2020-03-22 09:51:00 EDT,VIERA HOSPITAL,0,1,1
2020-03-22 09:51:00 EDT,ST. ANTHONY'S HOSPITAL,0,1,1
2020-03-22 09:51:00 EDT,ST LUCIE MEDICAL CENTER,1,0,1
2020-03-22 09:51:00 EDT,UNKNOWN,0,1,1
2020-03-22 09:51:00 EDT,SOUTH LAKE HOSPITAL,0,1,1
2020-03-22 09:51:00 EDT,USAFSAM/PHE,0,1,1
2020-03-22 09:51:00 EDT,ARUP,0,1,1
2020-03-22 09:51:00 EDT,MHS LAB,1,0,1
2020-03-22 09:51:00 EDT,Capital Regional Medical Ctr,1,0,1
2020-03-22 09:51:00 EDT,JACKSON NORTH MEDICAL CENTER,0,1,1
2020-03-22 09:51:00 EDT,NEW YORK STATE ELR - DEPARTMENT OF CLINICAL LABS,1,0,1
2020-03-22 09:51:00 EDT,NCH HEALTHCARE BONITA,1,0,1
2020-03-22 09:51:00 EDT,CALIFORNIA PUBLIC HEALTH LABORATORY,0,1,1
2020-03-22 09:51:00 EDT,FLORIDA HOSPITAL NORTH PINELLAS,1,0,1
2020-03-22 09:51:00 EDT,FLORIDA DEPARTMENT OF HEALTH,1,0,1
2020-03-22 09:51:00 EDT,ENGLEWOOD COMMUNITY HOSPITAL,0,1,1
2020-03-22 09:51:00 EDT,INDIAN RIVER MEDICAL CENTER LAB,0,1,1
2020-03-22 09:51:00 EDT,HIGHLANDS REGIONAL MEDICAL CENTER,1,0,1
2020-03-22 09:51:00 EDT,GESSLER CLINIC,0,1,1
2020-03-22 09:51:00 EDT,QUEST DIAGNOSTIC,0,1,1
2020-03-22 09:51:00 EDT,PALMETTO GENERAL HOSPITAL LAB,1,0,1
2020-03-22 09:51:00 EDT,OVIEDO MEDICAL CENTER,1,0,1
2020-03-22 09:51:00 EDT,SACRED HEART-EMERALD COAST,0,1,1
2020-03-22 09:51:00 EDT,QUEST DIAGNOSTICS - WEST HILLS,1,0,1
2020-03-22 09:51:00 EDT,QUEST DIAGNOSTICS - ATLANTA,1,0,1
2020-03-22 09:51:00 EDT,OAK HILL HOSPITAL,0,1,1
2020-03-22 09:51:00 EDT,NICHOLS INSTITUTE QUEST DIAGNOSTICS,0,1,1
2020-03-22 09:51:00 EDT,NEW YORK STATE ELR - NEW YORK CITY DEPARTMENT OF HEALTH & MENTAL,1,0,1
2020-03-22 09:51:00 EDT,ORLANDO VAMC,1,0,1
2020-03-22 09:51:00 EDT,ORLANDO VA MEDICAL CENTER,0,1,1
2020-03-22 09:51:00 EDT,ORLANDO REGIONAL MEDICAL CENTER,0,1,1
2020-03-22 18:28:00 EDT,LABORATORY CORPORATION OF AMERICA,1999,160,2159
2020-03-22 18:28:00 EDT,BPHL-MIAMI,1089,171,1260
2020-03-22 18:28:00 EDT,QUEST DIAGNOSTICS - TAMPA,1125,71,1196
2020-03-22 18:28:00 EDT,MEMORIAL REGIONAL HOSPITAL SOUTH,977,117,1094
2020-03-22 18:28:00 EDT,BPHL-TAMPA (SPECTRUM BLVD),924,115,1039
2020-03-22 18:28:00 EDT,BPHL-JACKSONVILLE,893,106,999
2020-03-22 18:28:00 EDT,TAMPA GENERAL HOSPITAL,593,27,620
2020-03-22 18:28:00 EDT,ADVENT HEALTH LAB,545,47,592
2020-03-22 18:28:00 EDT,SHANDS AT THE UNIVERSITY OF FLORIDA,368,15,383
2020-03-22 18:28:00 EDT,"QUEST DIAGNOSTICS NICHOLS INSTITUTE, INC.",271,24,295
2020-03-22 18:28:00 EDT,"BIO REFERENCE LABORATORIES, INC",200,26,226
2020-03-22 18:28:00 EDT,BAYCARE LABORATORIES LLC,203,6,209
2020-03-22 18:28:00 EDT,BAPTIST HOSPITAL OF MIAMI CLINICAL LABORATORY,177,17,194
2020-03-22 18:28:00 EDT,CLEVELAND CLINIC HOSPITAL LAB,109,20,129
2020-03-22 18:28:00 EDT,UNIVERSITY OF MIAMI HOSPITAL,94,31,125
2020-03-22 18:28:00 EDT,QUEST DIAGNOSTICS NICHOLS INSTITUTE - SJC (ELR),83,14,97
2020-03-22 18:28:00 EDT,VIRACOR-EUROFINS LABORATORIES,68,25,93
2020-03-22 18:28:00 EDT,MAYO CLINIC LABORATORIES,84,8,92
2020-03-22 18:28:00 EDT,ARUP LABORATORIES,80,7,87
2020-03-22 18:28:00 EDT,SOUTH MIAMI HOSPITAL LAB,74,12,86
2020-03-22 18:28:00 EDT,SARASOTA MEMORIAL HOSPITAL MAIN LAB,58,6,64
2020-03-22 18:28:00 EDT,LAWNWOOD REGIONAL MEDICAL CENTER,57,0,57
2020-03-22 18:28:00 EDT,JFK MEDICAL CENTER LAB,39,12,51
2020-03-22 18:28:00 EDT,AVENTURA HOSPITAL LAB,42,8,50
2020-03-22 18:28:00 EDT,ST JOSEPHS HOSPITAL LABORATORY,46,4,50
2020-03-22 18:28:00 EDT,WESTSIDE REGIONAL MED CTR,35,13,48
2020-03-22 18:28:00 EDT,WEST KENDALL BAPTIST HOSPITAL LABORATORY,39,8,47
2020-03-22 18:28:00 EDT,NAPLES COMMUNITY HOSPITAL,39,1,40
2020-03-22 18:28:00 EDT,FLORIDA HOSPITAL WATERMAN LABORATORY,32,0,32
2020-03-22 18:28:00 EDT,UNIVERSITY HOSPITAL AND MEDICAL CENTER,22,3,25
2020-03-22 18:28:00 EDT,CDC,17,7,24
2020-03-22 18:28:00 EDT,MERCY HOSPITAL A CAMPUS OF PLANTATION GEN HOSP LAB,16,6,22
2020-03-22 18:28:00 EDT,ST ANTHONY'S HOSPITAL LAB,19,0,19
2020-03-22 18:28:00 EDT,DOCTORS HOSPITAL,12,3,15
2020-03-22 18:28:00 EDT,DELRAY MEDICAL CENTER,13,2,15
2020-03-22 18:28:00 EDT,TALLAHASSEE MEMORIAL HOSPITAL,14,1,15
2020-03-22 18:28:00 EDT,NORTHWEST MEDICAL CENTER,13,1,14
2020-03-22 18:28:00 EDT,UF PATHLABS,13,1,14
2020-03-22 18:28:00 EDT,PLANTATION GENERAL HOSPITAL,13,0,13
2020-03-22 18:28:00 EDT,WELLINGTON REGIONAL MED CTR LAB,12,1,13
2020-03-22 18:28:00 EDT,HOMESTEAD HOSPITAL CLINICAL LABORATORY,12,0,12
2020-03-22 18:28:00 EDT,TENNESSEE DOH - NASHVILLE,8,4,12
2020-03-22 18:28:00 EDT,FLORIDA HOSPITAL FISH MEMORIAL,11,0,11
2020-03-22 18:28:00 EDT,LAKEWOOD RANCH MEDICAL CENTER,8,3,11
2020-03-22 18:28:00 EDT,MORTON PLANT HOSPITAL-ADLER INSTITUTE,10,0,10
2020-03-22 18:28:00 EDT,OSCEOLA REGIONAL MEDICAL CENTER,8,1,9
2020-03-22 18:28:00 EDT,ADVENTHEALTH DAYTONA BEACH,7,1,8
2020-03-22 18:28:00 EDT,JACKSON MEMORIAL HOSPITAL CLINICAL LAB,0,8,8
2020-03-22 18:28:00 EDT,NCH NORTH NAPLES HOSPITAL LAB,6,1,7
2020-03-22 18:28:00 EDT,ORLANDO HEALTH,0,7,7
2020-03-22 18:28:00 EDT,FLORIDA HOSPITAL FLAGLER,6,1,7
2020-03-22 18:28:00 EDT,WEST PALM HOSPITAL LAB,5,2,7
2020-03-22 18:28:00 EDT,QUEST DIAGNOSTICS,3,4,7
2020-03-22 18:28:00 EDT,LABCORP BURLINGTON (ELR),3,4,7
2020-03-22 18:28:00 EDT,BIO COLLECTIONS INC,0,7,7
2020-03-22 18:28:00 EDT,ST JOSEPHS HOSPITAL SOUTH LABORATORY,7,0,7
2020-03-22 18:28:00 EDT,FLORIDA HOSPITAL WESLEY CHAPEL,6,0,6
2020-03-22 18:28:00 EDT,QUEST,0,6,6
2020-03-22 18:28:00 EDT,MANATEE MEMORIAL HOSPITAL,6,0,6
2020-03-22 18:28:00 EDT,RAULERSON HOSPITAL,5,0,5
2020-03-22 18:28:00 EDT,SHANDS JACKSONVILLE MEDICAL CENTER INC,5,0,5
2020-03-22 18:28:00 EDT,FLORIDA HOSPITAL DELAND,3,2,5
2020-03-22 18:28:00 EDT,GULF BREEZE HOSPITAL LAB,5,0,5
2020-03-22 18:28:00 EDT,SACRED HEART HOSPITAL LABORATORY,0,4,4
2020-03-22 18:28:00 EDT,DIATHERIX LABORATORIES,0,4,4
2020-03-22 18:28:00 EDT,QUEST DIAGNOSTICS NICHOLS INSTITUTE,3,1,4
2020-03-22 18:28:00 EDT,BAPTIST HOSPITAL LABORATORY,3,0,3
2020-03-22 18:28:00 EDT,NCH NORTHEAST,3,0,3
2020-03-22 18:28:00 EDT,FLORIDA HOSPITAL - TAMPA,3,0,3
2020-03-22 18:28:00 EDT,BAYCARE LAB,0,3,3
2020-03-22 18:28:00 EDT,HOLMES REGIONAL MEDICAL CENTER,2,1,3
2020-03-22 18:28:00 EDT,FLORIDA HOSPITAL HEARTLAND MED CTR CLINICAL LAB,2,1,3
2020-03-22 18:28:00 EDT,BUREAU OF CLINICAL LABORATORIES,3,0,3
2020-03-22 18:28:00 EDT,MARINERS HOSPITAL,3,0,3
2020-03-22 18:28:00 EDT,EGLIN AIRFORCE BASE LAB,0,3,3
2020-03-22 18:28:00 EDT,SACRED HEART HEALTH SYSTEM,0,3,3
2020-03-22 18:28:00 EDT,VA MEDICAL CENTER,0,3,3
2020-03-22 18:28:00 EDT,QUEST DIAGNOSTICS NICHOLS INSTITUTE- LPP,0,2,2
2020-03-22 18:28:00 EDT,QUEST DIAGNOSTIC INC,0,2,2
2020-03-22 18:28:00 EDT,PHYSICIANS STAT LAB,0,2,2
2020-03-22 18:28:00 EDT,QUEST DIAGNOSTICS NICHOLS INSTITUTE - SJC (LPP),1,1,2
2020-03-22 18:28:00 EDT,PALMS WEST HOSPITAL LAB,1,1,2
2020-03-22 18:28:00 EDT,OVIEDO MEDICAL CENTER,2,0,2
2020-03-22 18:28:00 EDT,AMERICAN ESOTERIC LABORATORIES,0,2,2
2020-03-22 18:28:00 EDT,WHITE WILSON MEDICAL CENTER CLINIC,0,2,2
2020-03-22 18:28:00 EDT,LABCORP BURLINGTON (LPP),0,2,2
2020-03-22 18:28:00 EDT,LABCORP,0,2,2
2020-03-22 18:28:00 EDT,LAB CORP,1,1,2
2020-03-22 18:28:00 EDT,MEMORIAL REGIONAL HOSPITAL CLINICAL LABORATORY,0,2,2
2020-03-22 18:28:00 EDT,NEW YORK STATE ELR - NEW YORK HOSPITAL LABORATORIES,1,1,2
2020-03-22 18:28:00 EDT,UHEALTH CORAL GABLES/LENNAR MED CTR,2,0,2
2020-03-22 18:28:00 EDT,FLORIDA HOSPITAL OF CARROLLWOOD,2,0,2
2020-03-22 18:28:00 EDT,FLORIDA HOSPITAL ZEPHYRHILLS,2,0,2
2020-03-22 18:28:00 EDT,ARUP,0,1,1
2020-03-22 18:28:00 EDT,ENGLEWOOD COMMUNITY HOSPITAL,0,1,1
2020-03-22 18:28:00 EDT,AIT LABORATORIES,0,1,1
2020-03-22 18:28:00 EDT,SACRED HEART-EMERALD COAST,0,1,1
2020-03-22 18:28:00 EDT,AZALEA HEALTH,0,1,1
2020-03-22 18:28:00 EDT,SOUTH LAKE HOSPITAL,0,1,1
2020-03-22 18:28:00 EDT,BAPTIST MEDICAL CENTER JACKSONVILLE,1,0,1
2020-03-22 18:28:00 EDT,ST LUCIE MEDICAL CENTER,1,0,1
2020-03-22 18:28:00 EDT,ST. ANTHONY'S HOSPITAL,0,1,1
2020-03-22 18:28:00 EDT,VIERA HOSPITAL,0,1,1
2020-03-22 18:28:00 EDT,SEBASTIAN RIVER MEDICAL CENTER,1,0,1
2020-03-22 18:28:00 EDT,USAFSAM/PHE,0,1,1
2020-03-22 18:28:00 EDT,UNIVERSITY OF MIAMI HOSPITAL & CLINICS,0,1,1
2020-03-22 18:28:00 EDT,UNKNOWN,0,1,1
2020-03-22 18:28:00 EDT,MORTON PLANT HOSPITAL/LAB,0,1,1
2020-03-22 18:28:00 EDT,MHS LAB,1,0,1
2020-03-22 18:28:00 EDT,LEESBURG REGIONAL MEDICAL CENTER,0,1,1
2020-03-22 18:28:00 EDT,MRHS LAB,0,1,1
2020-03-22 18:28:00 EDT,NCH HEALTHCARE SYSTEM MICROBIOLOGY LAB,0,1,1
2020-03-22 18:28:00 EDT,NCH HEALTHCARE BONITA,1,0,1
2020-03-22 18:28:00 EDT,Capital Regional Medical Ctr,1,0,1
2020-03-22 18:28:00 EDT,DOCTORS HOSPITAL OF SARASOTA CLINICAL LABORATORY,0,1,1
2020-03-22 18:28:00 EDT,GESSLER CLINIC,0,1,1
2020-03-22 18:28:00 EDT,FLORIDA HOSPITAL NORTH PINELLAS,1,0,1
2020-03-22 18:28:00 EDT,FLORIDA DEPARTMENT OF HEALTH,1,0,1
2020-03-22 18:28:00 EDT,HIGHLANDS REGIONAL MEDICAL CENTER,1,0,1
2020-03-22 18:28:00 EDT,LABONE LLC DBA QUEST DIAGNOSTICS,1,0,1
2020-03-22 18:28:00 EDT,JACKSON NORTH MEDICAL CENTER,0,1,1
2020-03-22 18:28:00 EDT,INDIAN RIVER MEDICAL CENTER LAB,0,1,1
2020-03-22 18:28:00 EDT,NEW YORK STATE ELR - DEPARTMENT OF CLINICAL LABS,1,0,1
2020-03-22 18:28:00 EDT,QUEST DIAGNOSTICS - ATLANTA,1,0,1
2020-03-22 18:28:00 EDT,QUEST DIAGNOSTIC,0,1,1
2020-03-22 18:28:00 EDT,PHYSICIANS REGIONAL MEDICAL CENTER - COLLIER BLVD,0,1,1
2020-03-22 18:28:00 EDT,QUEST DIAGNOSTICS - MIRAMAR,0,1,1
2020-03-22 18:28:00 EDT,QUEST DIAGNOSTICS-MIAMI,0,1,1
2020-03-22 18:28:00 EDT,CALIFORNIA PUBLIC HEALTH LABORATORY,0,1,1
2020-03-22 18:28:00 EDT,QUEST DIAGNOSTICS - WEST HILLS,1,0,1
2020-03-22 18:28:00 EDT,PALMETTO GENERAL HOSPITAL LAB,1,0,1
2020-03-22 18:28:00 EDT,OAK HILL HOSPITAL,0,1,1
2020-03-22 18:28:00 EDT,NICHOLS INSTITUTE QUEST DIAGNOSTICS,0,1,1
2020-03-22 18:28:00 EDT,NEW YORK STATE ELR - NEW YORK CITY DEPARTMENT OF HEALTH & MENTAL,1,0,1
2020-03-22 18:28:00 EDT,ORLANDO REGIONAL MEDICAL CENTER,0,1,1
2020-03-22 18:28:00 EDT,PALM BAY HOSPITAL,1,0,1
2020-03-22 18:28:00 EDT,ORLANDO VAMC,1,0,1
2020-03-22 18:28:00 EDT,ORLANDO VA MEDICAL CENTER,0,1,1
2020-03-23 09:49:00 EDT,QUEST DIAGNOSTICS - TAMPA,2110,154,2264
2020-03-23 09:49:00 EDT,LABORATORY CORPORATION OF AMERICA,1999,160,2159
2020-03-23 09:49:00 EDT,BPHL-MIAMI,1126,181,1307
2020-03-23 09:49:00 EDT,MEMORIAL REGIONAL HOSPITAL SOUTH,1061,140,1201
2020-03-23 09:49:00 EDT,BPHL-TAMPA (SPECTRUM BLVD),1006,126,1132
2020-03-23 09:49:00 EDT,BPHL-JACKSONVILLE,946,113,1059
2020-03-23 09:49:00 EDT,ADVENT HEALTH LAB,758,57,815
2020-03-23 09:49:00 EDT,TAMPA GENERAL HOSPITAL,618,30,648
2020-03-23 09:49:00 EDT,SHANDS AT THE UNIVERSITY OF FLORIDA,407,18,425
2020-03-23 09:49:00 EDT,"QUEST DIAGNOSTICS NICHOLS INSTITUTE, INC.",271,24,295
2020-03-23 09:49:00 EDT,BAYCARE LABORATORIES LLC,268,8,276
2020-03-23 09:49:00 EDT,"BIO REFERENCE LABORATORIES, INC",200,26,226
2020-03-23 09:49:00 EDT,BAPTIST HOSPITAL OF MIAMI CLINICAL LABORATORY,184,17,201
2020-03-23 09:49:00 EDT,UNIVERSITY OF MIAMI HOSPITAL,112,33,145
2020-03-23 09:49:00 EDT,QUEST DIAGNOSTICS NICHOLS INSTITUTE - SJC (ELR),119,23,142
2020-03-23 09:49:00 EDT,CLEVELAND CLINIC HOSPITAL LAB,109,20,129
2020-03-23 09:49:00 EDT,ARUP LABORATORIES,86,9,95
2020-03-23 09:49:00 EDT,VIRACOR-EUROFINS LABORATORIES,68,25,93
2020-03-23 09:49:00 EDT,MAYO CLINIC LABORATORIES,84,8,92
2020-03-23 09:49:00 EDT,SOUTH MIAMI HOSPITAL LAB,75,12,87
2020-03-23 09:49:00 EDT,ST JOSEPHS HOSPITAL LABORATORY,79,5,84
2020-03-23 09:49:00 EDT,SARASOTA MEMORIAL HOSPITAL MAIN LAB,72,6,78
2020-03-23 09:49:00 EDT,LAWNWOOD REGIONAL MEDICAL CENTER,59,0,59
2020-03-23 09:49:00 EDT,WESTSIDE REGIONAL MED CTR,42,13,55
2020-03-23 09:49:00 EDT,JFK MEDICAL CENTER LAB,39,12,51
2020-03-23 09:49:00 EDT,AVENTURA HOSPITAL LAB,42,8,50
2020-03-23 09:49:00 EDT,WEST KENDALL BAPTIST HOSPITAL LABORATORY,41,9,50
2020-03-23 09:49:00 EDT,NAPLES COMMUNITY HOSPITAL,39,2,41
2020-03-23 09:49:00 EDT,FLORIDA HOSPITAL WATERMAN LABORATORY,32,0,32
2020-03-23 09:49:00 EDT,UNIVERSITY HOSPITAL AND MEDICAL CENTER,23,3,26
2020-03-23 09:49:00 EDT,CDC,17,7,24
2020-03-23 09:49:00 EDT,MERCY HOSPITAL A CAMPUS OF PLANTATION GEN HOSP LAB,16,6,22
2020-03-23 09:49:00 EDT,MORTON PLANT HOSPITAL-ADLER INSTITUTE,20,1,21
2020-03-23 09:49:00 EDT,ST ANTHONY'S HOSPITAL LAB,20,0,20
2020-03-23 09:49:00 EDT,ST JOSEPHS HOSPITAL SOUTH LABORATORY,19,1,20
2020-03-23 09:49:00 EDT,DOCTORS HOSPITAL,13,3,16
2020-03-23 09:49:00 EDT,TALLAHASSEE MEMORIAL HOSPITAL,15,1,16
2020-03-23 09:49:00 EDT,DELRAY MEDICAL CENTER,13,2,15
2020-03-23 09:49:00 EDT,UF PATHLABS,13,1,14
2020-03-23 09:49:00 EDT,NORTHWEST MEDICAL CENTER,13,1,14
2020-03-23 09:49:00 EDT,PLANTATION GENERAL HOSPITAL,13,0,13
2020-03-23 09:49:00 EDT,WELLINGTON REGIONAL MED CTR LAB,12,1,13
2020-03-23 09:49:00 EDT,HOMESTEAD HOSPITAL CLINICAL LABORATORY,12,0,12
2020-03-23 09:49:00 EDT,TENNESSEE DOH - NASHVILLE,8,4,12
2020-03-23 09:49:00 EDT,FLORIDA HOSPITAL FISH MEMORIAL,12,0,12
2020-03-23 09:49:00 EDT,LAKEWOOD RANCH MEDICAL CENTER,8,3,11
2020-03-23 09:49:00 EDT,NCH NORTH NAPLES HOSPITAL LAB,10,1,11
2020-03-23 09:49:00 EDT,SHANDS JACKSONVILLE MEDICAL CENTER INC,9,0,9
2020-03-23 09:49:00 EDT,OSCEOLA REGIONAL MEDICAL CENTER,8,1,9
2020-03-23 09:49:00 EDT,ADVENTHEALTH DAYTONA BEACH,7,1,8
2020-03-23 09:49:00 EDT,JACKSON MEMORIAL HOSPITAL CLINICAL LAB,0,8,8
2020-03-23 09:49:00 EDT,FLORIDA HOSPITAL FLAGLER,6,1,7
2020-03-23 09:49:00 EDT,BIO COLLECTIONS INC,0,7,7
2020-03-23 09:49:00 EDT,QUEST DIAGNOSTICS,3,4,7
2020-03-23 09:49:00 EDT,ORLANDO HEALTH,0,7,7
2020-03-23 09:49:00 EDT,WEST PALM HOSPITAL LAB,5,2,7
2020-03-23 09:49:00 EDT,LABCORP BURLINGTON (ELR),3,4,7
2020-03-23 09:49:00 EDT,QUEST,0,6,6
2020-03-23 09:49:00 EDT,MANATEE MEMORIAL HOSPITAL,6,0,6
2020-03-23 09:49:00 EDT,BAPTIST HOSPITAL LABORATORY,6,0,6
2020-03-23 09:49:00 EDT,FLORIDA HOSPITAL WESLEY CHAPEL,6,0,6
2020-03-23 09:49:00 EDT,DIATHERIX LABORATORIES,0,6,6
2020-03-23 09:49:00 EDT,RAULERSON HOSPITAL,5,0,5
2020-03-23 09:49:00 EDT,GULF BREEZE HOSPITAL LAB,5,0,5
2020-03-23 09:49:00 EDT,FLORIDA HOSPITAL DELAND,3,2,5
2020-03-23 09:49:00 EDT,QUEST DIAGNOSTICS NICHOLS INSTITUTE,3,1,4
2020-03-23 09:49:00 EDT,NCH NORTHEAST,4,0,4
2020-03-23 09:49:00 EDT,SACRED HEART HOSPITAL LABORATORY,0,4,4
2020-03-23 09:49:00 EDT,FLORIDA HOSPITAL - TAMPA,3,0,3
2020-03-23 09:49:00 EDT,EGLIN AIRFORCE BASE LAB,0,3,3
2020-03-23 09:49:00 EDT,HOLMES REGIONAL MEDICAL CENTER,2,1,3
2020-03-23 09:49:00 EDT,BUREAU OF CLINICAL LABORATORIES,3,0,3
2020-03-23 09:49:00 EDT,MARINERS HOSPITAL,3,0,3
2020-03-23 09:49:00 EDT,SACRED HEART HEALTH SYSTEM,0,3,3
2020-03-23 09:49:00 EDT,FLORIDA HOSPITAL HEARTLAND MED CTR CLINICAL LAB,2,1,3
2020-03-23 09:49:00 EDT,UHEALTH CORAL GABLES/LENNAR MED CTR,3,0,3
2020-03-23 09:49:00 EDT,BAYCARE LAB,0,3,3
2020-03-23 09:49:00 EDT,VA MEDICAL CENTER,0,3,3
2020-03-23 09:49:00 EDT,PALMS WEST HOSPITAL LAB,1,1,2
2020-03-23 09:49:00 EDT,ST. ANTHONY'S HOSPITAL,0,2,2
2020-03-23 09:49:00 EDT,QUEST DIAGNOSTICS NICHOLS INSTITUTE - SJC (LPP),1,1,2
2020-03-23 09:49:00 EDT,PHYSICIANS STAT LAB,0,2,2
2020-03-23 09:49:00 EDT,QUEST DIAGNOSTICS - MIRAMAR,0,2,2
2020-03-23 09:49:00 EDT,QUEST DIAGNOSTICS NICHOLS INSTITUTE- LPP,0,2,2
2020-03-23 09:49:00 EDT,AMERICAN ESOTERIC LABORATORIES,0,2,2
2020-03-23 09:49:00 EDT,QUEST DIAGNOSTIC INC,0,2,2
2020-03-23 09:49:00 EDT,OVIEDO MEDICAL CENTER,2,0,2
2020-03-23 09:49:00 EDT,FLORIDA HOSPITAL OF CARROLLWOOD,2,0,2
2020-03-23 09:49:00 EDT,LABCORP BURLINGTON (LPP),0,2,2
2020-03-23 09:49:00 EDT,FLORIDA HOSPITAL ZEPHYRHILLS,2,0,2
2020-03-23 09:49:00 EDT,NEW YORK STATE ELR - NEW YORK HOSPITAL LABORATORIES,1,1,2
2020-03-23 09:49:00 EDT,LAB CORP,1,1,2
2020-03-23 09:49:00 EDT,LABCORP,0,2,2
2020-03-23 09:49:00 EDT,WHITE WILSON MEDICAL CENTER CLINIC,0,2,2
2020-03-23 09:49:00 EDT,MEMORIAL REGIONAL HOSPITAL CLINICAL LABORATORY,0,2,2
2020-03-23 09:49:00 EDT,DOCTORS HOSPITAL OF SARASOTA CLINICAL LABORATORY,0,1,1
2020-03-23 09:49:00 EDT,JACKSON NORTH MEDICAL CENTER,0,1,1
2020-03-23 09:49:00 EDT,AZALEA HEALTH,0,1,1
2020-03-23 09:49:00 EDT,ST LUCIE MEDICAL CENTER,1,0,1
2020-03-23 09:49:00 EDT,LABCORP PHOENIX,0,1,1
2020-03-23 09:49:00 EDT,BAPTIST MEDICAL CENTER JACKSONVILLE,1,0,1
2020-03-23 09:49:00 EDT,ST JOSEPHS NORTH HOSPITAL LAB,1,0,1
2020-03-23 09:49:00 EDT,SOUTH LAKE HOSPITAL,0,1,1
2020-03-23 09:49:00 EDT,INDIAN RIVER MEDICAL CENTER LAB,0,1,1
2020-03-23 09:49:00 EDT,AIT LABORATORIES,0,1,1
2020-03-23 09:49:00 EDT,FLORIDA HOSPITAL NORTH PINELLAS,1,0,1
2020-03-23 09:49:00 EDT,VIERA HOSPITAL,0,1,1
2020-03-23 09:49:00 EDT,ORLANDO VAMC,1,0,1
2020-03-23 09:49:00 EDT,ENGLEWOOD COMMUNITY HOSPITAL,0,1,1
2020-03-23 09:49:00 EDT,FLORIDA DEPARTMENT OF HEALTH,1,0,1
2020-03-23 09:49:00 EDT,ARUP,0,1,1
2020-03-23 09:49:00 EDT,GESSLER CLINIC,0,1,1
2020-03-23 09:49:00 EDT,HIGHLANDS REGIONAL MEDICAL CENTER,1,0,1
2020-03-23 09:49:00 EDT,USAFSAM/PHE,0,1,1
2020-03-23 09:49:00 EDT,UNKNOWN,0,1,1
2020-03-23 09:49:00 EDT,UNIVERSITY OF MIAMI HOSPITAL & CLINICS,0,1,1
2020-03-23 09:49:00 EDT,QUEST DIAGNOSTICS - ATLANTA,1,0,1
2020-03-23 09:49:00 EDT,NICHOLS INSTITUTE QUEST DIAGNOSTICS,0,1,1
2020-03-23 09:49:00 EDT,"QUEST DIAGNOSTIC CLINICAL LABORATORIES, INC",0,1,1
2020-03-23 09:49:00 EDT,QUEST DIAGNOSTICS - WEST HILLS,1,0,1
2020-03-23 09:49:00 EDT,CAPE CORAL HOSPITAL CLINICAL LABORATORY,0,1,1
2020-03-23 09:49:00 EDT,NEW YORK STATE ELR - NEW YORK CITY DEPARTMENT OF HEALTH & MENTAL,1,0,1
2020-03-23 09:49:00 EDT,QUEST DIAGNOSTIC,0,1,1
2020-03-23 09:49:00 EDT,PHYSICIANS REGIONAL MEDICAL CENTER - COLLIER BLVD,0,1,1
2020-03-23 09:49:00 EDT,PALMETTO GENERAL HOSPITAL LAB,1,0,1
2020-03-23 09:49:00 EDT,PALM BAY HOSPITAL,1,0,1
2020-03-23 09:49:00 EDT,OAK HILL HOSPITAL,0,1,1
2020-03-23 09:49:00 EDT,ORLANDO REGIONAL MEDICAL CENTER,0,1,1
2020-03-23 09:49:00 EDT,ORLANDO VA MEDICAL CENTER,0,1,1
2020-03-23 09:49:00 EDT,SACRED HEART-EMERALD COAST,0,1,1
2020-03-23 09:49:00 EDT,Capital Regional Medical Ctr,1,0,1
2020-03-23 09:49:00 EDT,MHS LAB,1,0,1
2020-03-23 09:49:00 EDT,LABONE LLC DBA QUEST DIAGNOSTICS,1,0,1
2020-03-23 09:49:00 EDT,LEESBURG REGIONAL MEDICAL CENTER,0,1,1
2020-03-23 09:49:00 EDT,SEBASTIAN RIVER MEDICAL CENTER,1,0,1
2020-03-23 09:49:00 EDT,MORTON PLANT HOSPITAL/LAB,0,1,1
2020-03-23 09:49:00 EDT,NCH HEALTHCARE SYSTEM MICROBIOLOGY LAB,0,1,1
2020-03-23 09:49:00 EDT,CALIFORNIA PUBLIC HEALTH LABORATORY,0,1,1
2020-03-23 09:49:00 EDT,NEW YORK STATE ELR - DEPARTMENT OF CLINICAL LABS,1,0,1
2020-03-23 09:49:00 EDT,QUEST DIAGNOSTICS-MIAMI,0,1,1
2020-03-23 09:49:00 EDT,MRHS LAB,0,1,1
2020-03-23 09:49:00 EDT,NCH HEALTHCARE BONITA,1,0,1
2020-03-23 17:09:00 EDT,QUEST DIAGNOSTICS - TAMPA,2151,159,2310
2020-03-23 17:09:00 EDT,LABORATORY CORPORATION OF AMERICA,1999,160,2159
2020-03-23 17:09:00 EDT,BPHL-MIAMI,1126,181,1307
2020-03-23 17:09:00 EDT,MEMORIAL REGIONAL HOSPITAL SOUTH,1061,140,1201
2020-03-23 17:09:00 EDT,BPHL-TAMPA (SPECTRUM BLVD),1006,126,1132
2020-03-23 17:09:00 EDT,BPHL-JACKSONVILLE,946,113,1059
2020-03-23 17:09:00 EDT,ADVENT HEALTH LAB,775,58,833
2020-03-23 17:09:00 EDT,TAMPA GENERAL HOSPITAL,634,33,667
2020-03-23 17:09:00 EDT,SHANDS AT THE UNIVERSITY OF FLORIDA,407,18,425
2020-03-23 17:09:00 EDT,"QUEST DIAGNOSTICS NICHOLS INSTITUTE, INC.",271,24,295
2020-03-23 17:09:00 EDT,BAYCARE LABORATORIES LLC,268,8,276
2020-03-23 17:09:00 EDT,"BIO REFERENCE LABORATORIES, INC",200,26,226
2020-03-23 17:09:00 EDT,BAPTIST HOSPITAL OF MIAMI CLINICAL LABORATORY,184,17,201
2020-03-23 17:09:00 EDT,UNIVERSITY OF MIAMI HOSPITAL,112,33,145
2020-03-23 17:09:00 EDT,QUEST DIAGNOSTICS NICHOLS INSTITUTE - SJC (ELR),119,23,142
2020-03-23 17:09:00 EDT,CLEVELAND CLINIC HOSPITAL LAB,109,20,129
2020-03-23 17:09:00 EDT,ARUP LABORATORIES,86,9,95
2020-03-23 17:09:00 EDT,VIRACOR-EUROFINS LABORATORIES,68,25,93
2020-03-23 17:09:00 EDT,MAYO CLINIC LABORATORIES,84,8,92
2020-03-23 17:09:00 EDT,SOUTH MIAMI HOSPITAL LAB,75,12,87
2020-03-23 17:09:00 EDT,ST JOSEPHS HOSPITAL LABORATORY,79,5,84
2020-03-23 17:09:00 EDT,SARASOTA MEMORIAL HOSPITAL MAIN LAB,72,6,78
2020-03-23 17:09:00 EDT,LAWNWOOD REGIONAL MEDICAL CENTER,59,0,59
2020-03-23 17:09:00 EDT,WESTSIDE REGIONAL MED CTR,42,13,55
2020-03-23 17:09:00 EDT,JFK MEDICAL CENTER LAB,39,12,51
2020-03-23 17:09:00 EDT,AVENTURA HOSPITAL LAB,42,8,50
2020-03-23 17:09:00 EDT,WEST KENDALL BAPTIST HOSPITAL LABORATORY,41,9,50
2020-03-23 17:09:00 EDT,NAPLES COMMUNITY HOSPITAL,39,2,41
2020-03-23 17:09:00 EDT,FLORIDA HOSPITAL WATERMAN LABORATORY,32,0,32
2020-03-23 17:09:00 EDT,UNIVERSITY HOSPITAL AND MEDICAL CENTER,23,3,26
2020-03-23 17:09:00 EDT,CDC,17,7,24
2020-03-23 17:09:00 EDT,MERCY HOSPITAL A CAMPUS OF PLANTATION GEN HOSP LAB,16,6,22
2020-03-23 17:09:00 EDT,MORTON PLANT HOSPITAL-ADLER INSTITUTE,20,1,21
2020-03-23 17:09:00 EDT,ST JOSEPHS HOSPITAL SOUTH LABORATORY,19,1,20
2020-03-23 17:09:00 EDT,ST ANTHONY'S HOSPITAL LAB,20,0,20
2020-03-23 17:09:00 EDT,TALLAHASSEE MEMORIAL HOSPITAL,15,1,16
2020-03-23 17:09:00 EDT,DOCTORS HOSPITAL,13,3,16
2020-03-23 17:09:00 EDT,DELRAY MEDICAL CENTER,13,2,15
2020-03-23 17:09:00 EDT,UF PATHLABS,13,1,14
2020-03-23 17:09:00 EDT,NORTHWEST MEDICAL CENTER,13,1,14
2020-03-23 17:09:00 EDT,WELLINGTON REGIONAL MED CTR LAB,12,1,13
2020-03-23 17:09:00 EDT,PLANTATION GENERAL HOSPITAL,13,0,13
2020-03-23 17:09:00 EDT,HOMESTEAD HOSPITAL CLINICAL LABORATORY,12,0,12
2020-03-23 17:09:00 EDT,FLORIDA HOSPITAL FISH MEMORIAL,12,0,12
2020-03-23 17:09:00 EDT,TENNESSEE DOH - NASHVILLE,8,4,12
2020-03-23 17:09:00 EDT,NCH NORTH NAPLES HOSPITAL LAB,10,1,11
2020-03-23 17:09:00 EDT,LAKEWOOD RANCH MEDICAL CENTER,8,3,11
2020-03-23 17:09:00 EDT,SHANDS JACKSONVILLE MEDICAL CENTER INC,9,0,9
2020-03-23 17:09:00 EDT,OSCEOLA REGIONAL MEDICAL CENTER,8,1,9
2020-03-23 17:09:00 EDT,ADVENTHEALTH DAYTONA BEACH,7,1,8
2020-03-23 17:09:00 EDT,JACKSON MEMORIAL HOSPITAL CLINICAL LAB,0,8,8
2020-03-23 17:09:00 EDT,QUEST DIAGNOSTICS,3,4,7
2020-03-23 17:09:00 EDT,FLORIDA HOSPITAL FLAGLER,6,1,7
2020-03-23 17:09:00 EDT,BIO COLLECTIONS INC,0,7,7
2020-03-23 17:09:00 EDT,WEST PALM HOSPITAL LAB,5,2,7
2020-03-23 17:09:00 EDT,LABCORP BURLINGTON (ELR),3,4,7
2020-03-23 17:09:00 EDT,ORLANDO HEALTH,0,7,7
2020-03-23 17:09:00 EDT,QUEST,0,6,6
2020-03-23 17:09:00 EDT,MANATEE MEMORIAL HOSPITAL,6,0,6
2020-03-23 17:09:00 EDT,BAPTIST HOSPITAL LABORATORY,6,0,6
2020-03-23 17:09:00 EDT,FLORIDA HOSPITAL WESLEY CHAPEL,6,0,6
2020-03-23 17:09:00 EDT,DIATHERIX LABORATORIES,0,6,6
2020-03-23 17:09:00 EDT,FLORIDA HOSPITAL DELAND,3,2,5
2020-03-23 17:09:00 EDT,RAULERSON HOSPITAL,5,0,5
2020-03-23 17:09:00 EDT,GULF BREEZE HOSPITAL LAB,5,0,5
2020-03-23 17:09:00 EDT,QUEST DIAGNOSTICS NICHOLS INSTITUTE,3,1,4
2020-03-23 17:09:00 EDT,NCH NORTHEAST,4,0,4
2020-03-23 17:09:00 EDT,SACRED HEART HOSPITAL LABORATORY,0,4,4
2020-03-23 17:09:00 EDT,SACRED HEART HEALTH SYSTEM,0,3,3
2020-03-23 17:09:00 EDT,FLORIDA HOSPITAL - TAMPA,3,0,3
2020-03-23 17:09:00 EDT,VA MEDICAL CENTER,0,3,3
2020-03-23 17:09:00 EDT,UHEALTH CORAL GABLES/LENNAR MED CTR,3,0,3
2020-03-23 17:09:00 EDT,HOLMES REGIONAL MEDICAL CENTER,2,1,3
2020-03-23 17:09:00 EDT,FLORIDA HOSPITAL HEARTLAND MED CTR CLINICAL LAB,2,1,3
2020-03-23 17:09:00 EDT,EGLIN AIRFORCE BASE LAB,0,3,3
2020-03-23 17:09:00 EDT,MARINERS HOSPITAL,3,0,3
2020-03-23 17:09:00 EDT,BUREAU OF CLINICAL LABORATORIES,3,0,3
2020-03-23 17:09:00 EDT,BAYCARE LAB,0,3,3
2020-03-23 17:09:00 EDT,OVIEDO MEDICAL CENTER,2,0,2
2020-03-23 17:09:00 EDT,AMERICAN ESOTERIC LABORATORIES,0,2,2
2020-03-23 17:09:00 EDT,PALMS WEST HOSPITAL LAB,1,1,2
2020-03-23 17:09:00 EDT,PHYSICIANS STAT LAB,0,2,2
2020-03-23 17:09:00 EDT,ST. ANTHONY'S HOSPITAL,0,2,2
2020-03-23 17:09:00 EDT,QUEST DIAGNOSTICS NICHOLS INSTITUTE - SJC (LPP),1,1,2
2020-03-23 17:09:00 EDT,QUEST DIAGNOSTICS NICHOLS INSTITUTE- LPP,0,2,2
2020-03-23 17:09:00 EDT,QUEST DIAGNOSTIC INC,0,2,2
2020-03-23 17:09:00 EDT,QUEST DIAGNOSTICS - MIRAMAR,0,2,2
2020-03-23 17:09:00 EDT,LABCORP,0,2,2
2020-03-23 17:09:00 EDT,FLORIDA HOSPITAL OF CARROLLWOOD,2,0,2
2020-03-23 17:09:00 EDT,FLORIDA HOSPITAL ZEPHYRHILLS,2,0,2
2020-03-23 17:09:00 EDT,LAB CORP,1,1,2
2020-03-23 17:09:00 EDT,NEW YORK STATE ELR - NEW YORK HOSPITAL LABORATORIES,1,1,2
2020-03-23 17:09:00 EDT,MEMORIAL REGIONAL HOSPITAL CLINICAL LABORATORY,0,2,2
2020-03-23 17:09:00 EDT,WHITE WILSON MEDICAL CENTER CLINIC,0,2,2
2020-03-23 17:09:00 EDT,LABCORP BURLINGTON (LPP),0,2,2
2020-03-23 17:09:00 EDT,AZALEA HEALTH,0,1,1
2020-03-23 17:09:00 EDT,DOCTORS HOSPITAL OF SARASOTA CLINICAL LABORATORY,0,1,1
2020-03-23 17:09:00 EDT,JACKSON NORTH MEDICAL CENTER,0,1,1
2020-03-23 17:09:00 EDT,ST LUCIE MEDICAL CENTER,1,0,1
2020-03-23 17:09:00 EDT,BAPTIST MEDICAL CENTER JACKSONVILLE,1,0,1
2020-03-23 17:09:00 EDT,LABCORP PHOENIX,0,1,1
2020-03-23 17:09:00 EDT,SOUTH LAKE HOSPITAL,0,1,1
2020-03-23 17:09:00 EDT,ST JOSEPHS NORTH HOSPITAL LAB,1,0,1
2020-03-23 17:09:00 EDT,INDIAN RIVER MEDICAL CENTER LAB,0,1,1
2020-03-23 17:09:00 EDT,AIT LABORATORIES,0,1,1
2020-03-23 17:09:00 EDT,FLORIDA HOSPITAL NORTH PINELLAS,1,0,1
2020-03-23 17:09:00 EDT,VIERA HOSPITAL,0,1,1
2020-03-23 17:09:00 EDT,ORLANDO VAMC,1,0,1
2020-03-23 17:09:00 EDT,ENGLEWOOD COMMUNITY HOSPITAL,0,1,1
2020-03-23 17:09:00 EDT,FLORIDA DEPARTMENT OF HEALTH,1,0,1
2020-03-23 17:09:00 EDT,ARUP,0,1,1
2020-03-23 17:09:00 EDT,GESSLER CLINIC,0,1,1
2020-03-23 17:09:00 EDT,HIGHLANDS REGIONAL MEDICAL CENTER,1,0,1
2020-03-23 17:09:00 EDT,USAFSAM/PHE,0,1,1
2020-03-23 17:09:00 EDT,UNKNOWN,0,1,1
2020-03-23 17:09:00 EDT,UNIVERSITY OF MIAMI HOSPITAL & CLINICS,0,1,1
2020-03-23 17:09:00 EDT,LABONE LLC DBA QUEST DIAGNOSTICS,1,0,1
2020-03-23 17:09:00 EDT,NEW YORK STATE ELR - NEW YORK CITY DEPARTMENT OF HEALTH & MENTAL,1,0,1
2020-03-23 17:09:00 EDT,"QUEST DIAGNOSTIC CLINICAL LABORATORIES, INC",0,1,1
2020-03-23 17:09:00 EDT,QUEST DIAGNOSTIC,0,1,1
2020-03-23 17:09:00 EDT,CAPE CORAL HOSPITAL CLINICAL LABORATORY,0,1,1
2020-03-23 17:09:00 EDT,NEW YORK STATE ELR - DEPARTMENT OF CLINICAL LABS,1,0,1
2020-03-23 17:09:00 EDT,QUEST DIAGNOSTICS - ATLANTA,1,0,1
2020-03-23 17:09:00 EDT,NICHOLS INSTITUTE QUEST DIAGNOSTICS,0,1,1
2020-03-23 17:09:00 EDT,ORLANDO VA MEDICAL CENTER,0,1,1
2020-03-23 17:09:00 EDT,PALMETTO GENERAL HOSPITAL LAB,1,0,1
2020-03-23 17:09:00 EDT,PALM BAY HOSPITAL,1,0,1
2020-03-23 17:09:00 EDT,OAK HILL HOSPITAL,0,1,1
2020-03-23 17:09:00 EDT,ORLANDO REGIONAL MEDICAL CENTER,0,1,1
2020-03-23 17:09:00 EDT,PHYSICIANS REGIONAL MEDICAL CENTER - COLLIER BLVD,0,1,1
2020-03-23 17:09:00 EDT,SACRED HEART-EMERALD COAST,0,1,1
2020-03-23 17:09:00 EDT,Capital Regional Medical Ctr,1,0,1
2020-03-23 17:09:00 EDT,MHS LAB,1,0,1
2020-03-23 17:09:00 EDT,LEESBURG REGIONAL MEDICAL CENTER,0,1,1
2020-03-23 17:09:00 EDT,SEBASTIAN RIVER MEDICAL CENTER,1,0,1
2020-03-23 17:09:00 EDT,MEMORIAL HOSPITAL MICRO,0,1,1
2020-03-23 17:09:00 EDT,QUEST DIAGNOSTICS-MIAMI,0,1,1
2020-03-23 17:09:00 EDT,CALIFORNIA PUBLIC HEALTH LABORATORY,0,1,1
2020-03-23 17:09:00 EDT,NCH HEALTHCARE SYSTEM MICROBIOLOGY LAB,0,1,1
2020-03-23 17:09:00 EDT,QUEST DIAGNOSTICS - WEST HILLS,1,0,1
2020-03-23 17:09:00 EDT,MORTON PLANT HOSPITAL/LAB,0,1,1
2020-03-23 17:09:00 EDT,MRHS LAB,0,1,1
2020-03-23 17:09:00 EDT,NCH HEALTHCARE BONITA,1,0,1
2020-03-23 22:20:00 EDT,QUEST DIAGNOSTICS - TAMPA,2170,162,2332
2020-03-23 22:20:00 EDT,LABORATORY CORPORATION OF AMERICA,2135,167,2302
2020-03-23 22:20:00 EDT,BPHL-MIAMI,1129,183,1312
2020-03-23 22:20:00 EDT,MEMORIAL REGIONAL HOSPITAL SOUTH,1061,140,1201
2020-03-23 22:20:00 EDT,BPHL-TAMPA (SPECTRUM BLVD),1006,126,1132
2020-03-23 22:20:00 EDT,BPHL-JACKSONVILLE,946,113,1059
2020-03-23 22:20:00 EDT,ADVENT HEALTH LAB,846,67,913
2020-03-23 22:20:00 EDT,TAMPA GENERAL HOSPITAL,653,36,689
2020-03-23 22:20:00 EDT,SHANDS AT THE UNIVERSITY OF FLORIDA,415,18,433
2020-03-23 22:20:00 EDT,"QUEST DIAGNOSTICS NICHOLS INSTITUTE, INC.",399,33,432
2020-03-23 22:20:00 EDT,"BIO REFERENCE LABORATORIES, INC",345,36,381
2020-03-23 22:20:00 EDT,BAYCARE LABORATORIES LLC,268,8,276
2020-03-23 22:20:00 EDT,BAPTIST HOSPITAL OF MIAMI CLINICAL LABORATORY,184,17,201
2020-03-23 22:20:00 EDT,UNIVERSITY OF MIAMI HOSPITAL,127,34,161
2020-03-23 22:20:00 EDT,QUEST DIAGNOSTICS NICHOLS INSTITUTE - SJC (ELR),116,23,139
2020-03-23 22:20:00 EDT,CLEVELAND CLINIC HOSPITAL LAB,109,20,129
2020-03-23 22:20:00 EDT,MAYO CLINIC LABORATORIES,116,9,125
2020-03-23 22:20:00 EDT,SARASOTA MEMORIAL HOSPITAL MAIN LAB,88,8,96
2020-03-23 22:20:00 EDT,VIRACOR-EUROFINS LABORATORIES,68,27,95
2020-03-23 22:20:00 EDT,ARUP LABORATORIES,86,9,95
2020-03-23 22:20:00 EDT,SOUTH MIAMI HOSPITAL LAB,75,12,87
2020-03-23 22:20:00 EDT,ST JOSEPHS HOSPITAL LABORATORY,79,5,84
2020-03-23 22:20:00 EDT,NAPLES COMMUNITY HOSPITAL,73,5,78
2020-03-23 22:20:00 EDT,LAWNWOOD REGIONAL MEDICAL CENTER,61,0,61
2020-03-23 22:20:00 EDT,WESTSIDE REGIONAL MED CTR,42,13,55
2020-03-23 22:20:00 EDT,JFK MEDICAL CENTER LAB,39,12,51
2020-03-23 22:20:00 EDT,AVENTURA HOSPITAL LAB,42,8,50
2020-03-23 22:20:00 EDT,WEST KENDALL BAPTIST HOSPITAL LABORATORY,41,9,50
2020-03-23 22:20:00 EDT,FLORIDA HOSPITAL WATERMAN LABORATORY,32,0,32
2020-03-23 22:20:00 EDT,UNIVERSITY HOSPITAL AND MEDICAL CENTER,23,3,26
2020-03-23 22:20:00 EDT,WELLINGTON REGIONAL MED CTR LAB,23,2,25
2020-03-23 22:20:00 EDT,MERCY HOSPITAL A CAMPUS OF PLANTATION GEN HOSP LAB,17,7,24
2020-03-23 22:20:00 EDT,CDC,17,7,24
2020-03-23 22:20:00 EDT,MORTON PLANT HOSPITAL-ADLER INSTITUTE,20,1,21
2020-03-23 22:20:00 EDT,ST JOSEPHS HOSPITAL SOUTH LABORATORY,19,1,20
2020-03-23 22:20:00 EDT,ST ANTHONY'S HOSPITAL LAB,20,0,20
2020-03-23 22:20:00 EDT,NCH NORTH NAPLES HOSPITAL LAB,16,1,17
2020-03-23 22:20:00 EDT,TALLAHASSEE MEMORIAL HOSPITAL,15,1,16
2020-03-23 22:20:00 EDT,DOCTORS HOSPITAL,13,3,16
2020-03-23 22:20:00 EDT,PLANTATION GENERAL HOSPITAL,15,0,15
2020-03-23 22:20:00 EDT,OSCEOLA REGIONAL MEDICAL CENTER,14,1,15
2020-03-23 22:20:00 EDT,DELRAY MEDICAL CENTER,13,2,15
2020-03-23 22:20:00 EDT,NORTHWEST MEDICAL CENTER,13,1,14
2020-03-23 22:20:00 EDT,UF PATHLABS,13,1,14
2020-03-23 22:20:00 EDT,TENNESSEE DOH - NASHVILLE,9,4,13
2020-03-23 22:20:00 EDT,HOMESTEAD HOSPITAL CLINICAL LABORATORY,12,0,12
2020-03-23 22:20:00 EDT,FLORIDA HOSPITAL FISH MEMORIAL,12,0,12
2020-03-23 22:20:00 EDT,LAKEWOOD RANCH MEDICAL CENTER,8,3,11
2020-03-23 22:20:00 EDT,QUEST DIAGNOSTICS,4,5,9
2020-03-23 22:20:00 EDT,SHANDS JACKSONVILLE MEDICAL CENTER INC,9,0,9
2020-03-23 22:20:00 EDT,SACRED HEART HEALTH SYSTEM,0,9,9
2020-03-23 22:20:00 EDT,LABCORP BURLINGTON (ELR),3,5,8
2020-03-23 22:20:00 EDT,ADVENTHEALTH DAYTONA BEACH,7,1,8
2020-03-23 22:20:00 EDT,QUEST,0,8,8
2020-03-23 22:20:00 EDT,JACKSON MEMORIAL HOSPITAL CLINICAL LAB,0,8,8
2020-03-23 22:20:00 EDT,ORLANDO HEALTH,0,7,7
2020-03-23 22:20:00 EDT,BIO COLLECTIONS INC,0,7,7
2020-03-23 22:20:00 EDT,FLORIDA HOSPITAL FLAGLER,6,1,7
2020-03-23 22:20:00 EDT,WEST PALM HOSPITAL LAB,5,2,7
2020-03-23 22:20:00 EDT,BAPTIST HOSPITAL LABORATORY,6,0,6
2020-03-23 22:20:00 EDT,MANATEE MEMORIAL HOSPITAL,6,0,6
2020-03-23 22:20:00 EDT,FLORIDA HOSPITAL WESLEY CHAPEL,6,0,6
2020-03-23 22:20:00 EDT,DIATHERIX LABORATORIES,0,6,6
2020-03-23 22:20:00 EDT,CENTRAL FLORIDA REGIONAL HOSPITAL,5,1,6
2020-03-23 22:20:00 EDT,NEW YORK STATE ELR - WADSWORTH HEALTH CENTER,5,0,5
2020-03-23 22:20:00 EDT,SACRED HEART HOSPITAL LABORATORY,0,5,5
2020-03-23 22:20:00 EDT,FLORIDA HOSPITAL DELAND,3,2,5
2020-03-23 22:20:00 EDT,NEW YORK STATE ELR - DEPARTMENT OF CLINICAL LABS,5,0,5
2020-03-23 22:20:00 EDT,GULF BREEZE HOSPITAL LAB,5,0,5
2020-03-23 22:20:00 EDT,RAULERSON HOSPITAL,5,0,5
2020-03-23 22:20:00 EDT,NEW YORK STATE ELR - NEW YORK HOSPITAL LABORATORIES,3,1,4
2020-03-23 22:20:00 EDT,QUEST DIAGNOSTICS - MIRAMAR,0,4,4
2020-03-23 22:20:00 EDT,NCH NORTHEAST,4,0,4
2020-03-23 22:20:00 EDT,QUEST DIAGNOSTICS NICHOLS INSTITUTE,3,1,4
2020-03-23 22:20:00 EDT,OVIEDO MEDICAL CENTER,4,0,4
2020-03-23 22:20:00 EDT,QUEST DIAGNOSTICS NICHOLS INSTITUTE- LPP,0,3,3
2020-03-23 22:20:00 EDT,UHEALTH CORAL GABLES/LENNAR MED CTR,3,0,3
2020-03-23 22:20:00 EDT,NEW YORK STATE ELR - NORTH SHORE LONG ISLAND JEWISH HEALTH,2,1,3
2020-03-23 22:20:00 EDT,VA MEDICAL CENTER,0,3,3
2020-03-23 22:20:00 EDT,MARINERS HOSPITAL,3,0,3
2020-03-23 22:20:00 EDT,HOLMES REGIONAL MEDICAL CENTER,2,1,3
2020-03-23 22:20:00 EDT,FLORIDA HOSPITAL HEARTLAND MED CTR CLINICAL LAB,2,1,3
2020-03-23 22:20:00 EDT,FLORIDA HOSPITAL - TAMPA,3,0,3
2020-03-23 22:20:00 EDT,BUREAU OF CLINICAL LABORATORIES,3,0,3
2020-03-23 22:20:00 EDT,BAYCARE LAB,0,3,3
2020-03-23 22:20:00 EDT,NCH HEALTHCARE BONITA,3,0,3
2020-03-23 22:20:00 EDT,EGLIN AIRFORCE BASE LAB,0,3,3
2020-03-23 22:20:00 EDT,LABCORP,0,2,2
2020-03-23 22:20:00 EDT,LAB CORP,1,1,2
2020-03-23 22:20:00 EDT,PALMS WEST HOSPITAL LAB,1,1,2
2020-03-23 22:20:00 EDT,PHYSICIANS STAT LAB,0,2,2
2020-03-23 22:20:00 EDT,QUEST DIAGNOSTIC INC,0,2,2
2020-03-23 22:20:00 EDT,LABCORP BURLINGTON (LPP),0,2,2
2020-03-23 22:20:00 EDT,WHITE WILSON MEDICAL CENTER CLINIC,0,2,2
2020-03-23 22:20:00 EDT,CLINICORE LABS,1,1,2
2020-03-23 22:20:00 EDT,USAFSAM/PHE,0,2,2
2020-03-23 22:20:00 EDT,AMERICAN ESOTERIC LABORATORIES,0,2,2
2020-03-23 22:20:00 EDT,ST. ANTHONY'S HOSPITAL,0,2,2
2020-03-23 22:20:00 EDT,FLORIDA HOSPITAL ZEPHYRHILLS,2,0,2
2020-03-23 22:20:00 EDT,SACRED HEART-EMERALD COAST,0,2,2
2020-03-23 22:20:00 EDT,FLORIDA HOSPITAL OF CARROLLWOOD,2,0,2
2020-03-23 22:20:00 EDT,QUEST DIAGNOSTICS NICHOLS INSTITUTE - SJC (LPP),1,1,2
2020-03-23 22:20:00 EDT,NEW YORK STATE ELR - NEW YORK PRESBYTERIAN HOSPITAL CUMC CLINICAL,2,0,2
2020-03-23 22:20:00 EDT,MEMORIAL REGIONAL HOSPITAL CLINICAL LABORATORY,0,2,2
2020-03-23 22:20:00 EDT,NEW YORK STATE ELR - QUEST DIAGNOSTICS INCORPORATED,2,0,2
2020-03-23 22:20:00 EDT,MHS LAB,1,0,1
2020-03-23 22:20:00 EDT,DOCTORS HOSPITAL OF SARASOTA CLINICAL LABORATORY,0,1,1
2020-03-23 22:20:00 EDT,MORTON PLANT HOSPITAL/LAB,0,1,1
2020-03-23 22:20:00 EDT,Capital Regional Medical Ctr,1,0,1
2020-03-23 22:20:00 EDT,ST LUCIE MEDICAL CENTER,1,0,1
2020-03-23 22:20:00 EDT,FLORIDA DEPARTMENT OF HEALTH,1,0,1
2020-03-23 22:20:00 EDT,SOUTH LAKE HOSPITAL,0,1,1
2020-03-23 22:20:00 EDT,FL PHL TAMPA,1,0,1
2020-03-23 22:20:00 EDT,ST JOSEPHS NORTH HOSPITAL LAB,1,0,1
2020-03-23 22:20:00 EDT,ENGLEWOOD COMMUNITY HOSPITAL,0,1,1
2020-03-23 22:20:00 EDT,AZALEA HEALTH,0,1,1
2020-03-23 22:20:00 EDT,BAPTIST MEDICAL CENTER JACKSONVILLE,1,0,1
2020-03-23 22:20:00 EDT,VIERA HOSPITAL,0,1,1
2020-03-23 22:20:00 EDT,NCH HEALTHCARE SYSTEM MICROBIOLOGY LAB,0,1,1
2020-03-23 22:20:00 EDT,AIT LABORATORIES,0,1,1
2020-03-23 22:20:00 EDT,ARUP,0,1,1
2020-03-23 22:20:00 EDT,MRHS LAB,0,1,1
2020-03-23 22:20:00 EDT,NEW YORK STATE ELR - NEW YORK CITY DEPARTMENT OF HEALTH & MENTAL,1,0,1
2020-03-23 22:20:00 EDT,CALIFORNIA PUBLIC HEALTH LABORATORY,0,1,1
2020-03-23 22:20:00 EDT,CAPE CORAL HOSPITAL CLINICAL LABORATORY,0,1,1
2020-03-23 22:20:00 EDT,NEW YORK STATE ELR - MONTEFIORE MEDICAL CENTER LABORATORIES - MOSES,1,0,1
2020-03-23 22:20:00 EDT,UNKNOWN,0,1,1
2020-03-23 22:20:00 EDT,UNIVERSITY OF MIAMI HOSPITAL & CLINICS,0,1,1
2020-03-23 22:20:00 EDT,NEW YORK STATE ELR - ROCHESTER GENERAL HOSPITAL LABORATORY,1,0,1
2020-03-23 22:20:00 EDT,QUEST DIAGNOSTICS - ATLANTA,1,0,1
2020-03-23 22:20:00 EDT,LABCORP PHOENIX,0,1,1
2020-03-23 22:20:00 EDT,MACDILL AIRFORCE BASE MICRO,0,1,1
2020-03-23 22:20:00 EDT,QUEST DIAGNOSTICS - WEST HILLS,1,0,1
2020-03-23 22:20:00 EDT,ORLANDO VA MEDICAL CENTER,0,1,1
2020-03-23 22:20:00 EDT,ORLANDO VAMC,1,0,1
2020-03-23 22:20:00 EDT,"QUEST DIAGNOSTIC CLINICAL LABORATORIES, INC",0,1,1
2020-03-23 22:20:00 EDT,PALM BAY HOSPITAL,1,0,1
2020-03-23 22:20:00 EDT,PHYSICIANS REGIONAL MEDICAL CENTER - COLLIER BLVD,0,1,1
2020-03-23 22:20:00 EDT,PALMETTO GENERAL HOSPITAL LAB,1,0,1
2020-03-23 22:20:00 EDT,QUEST DIAGNOSTIC,0,1,1
2020-03-23 22:20:00 EDT,LABONE LLC DBA QUEST DIAGNOSTICS,1,0,1
2020-03-23 22:20:00 EDT,LEESBURG REGIONAL MEDICAL CENTER,0,1,1
2020-03-23 22:20:00 EDT,MEMORIAL HOSPITAL MICRO,0,1,1
2020-03-23 22:20:00 EDT,GESSLER CLINIC,0,1,1
2020-03-23 22:20:00 EDT,SACRED HEART AT EMERALD COAST,0,1,1
2020-03-23 22:20:00 EDT,FLORIDA HOSPITAL NORTH PINELLAS,1,0,1
2020-03-23 22:20:00 EDT,SEBASTIAN RIVER MEDICAL CENTER,1,0,1
2020-03-23 22:20:00 EDT,NICHOLS INSTITUTE QUEST DIAGNOSTICS,0,1,1
2020-03-23 22:20:00 EDT,HIGHLANDS REGIONAL MEDICAL CENTER,1,0,1
2020-03-23 22:20:00 EDT,MEDICAL CENTER OF TRINITY CLINICAL LABORATORY,0,1,1
2020-03-23 22:20:00 EDT,JACKSON NORTH MEDICAL CENTER,0,1,1
2020-03-23 22:20:00 EDT,ORLANDO REGIONAL MEDICAL CENTER,0,1,1
2020-03-23 22:20:00 EDT,QUEST DIAGNOSTICS-MIAMI,0,1,1
2020-03-23 22:20:00 EDT,OAK HILL HOSPITAL,0,1,1
2020-03-23 22:20:00 EDT,INDIAN RIVER MEDICAL CENTER LAB,0,1,1
2020-03-24 10:12:00 EDT,LABORATORY CORPORATION OF AMERICA,2697,210,2907
2020-03-24 10:12:00 EDT,QUEST DIAGNOSTICS - TAMPA,2392,176,2568
2020-03-24 10:12:00 EDT,BPHL-MIAMI,1209,205,1414
2020-03-24 10:12:00 EDT,MEMORIAL REGIONAL HOSPITAL SOUTH,1172,179,1351
2020-03-24 10:12:00 EDT,BPHL-TAMPA (SPECTRUM BLVD),1062,137,1199
2020-03-24 10:12:00 EDT,BPHL-JACKSONVILLE,1062,124,1186
2020-03-24 10:12:00 EDT,ADVENT HEALTH LAB,864,69,933
2020-03-24 10:12:00 EDT,TAMPA GENERAL HOSPITAL,730,42,772
2020-03-24 10:12:00 EDT,SHANDS AT THE UNIVERSITY OF FLORIDA,454,24,478
2020-03-24 10:12:00 EDT,"QUEST DIAGNOSTICS NICHOLS INSTITUTE, INC.",399,33,432
2020-03-24 10:12:00 EDT,"BIO REFERENCE LABORATORIES, INC",359,40,399
2020-03-24 10:12:00 EDT,BAYCARE LABORATORIES LLC,340,12,352
2020-03-24 10:12:00 EDT,BAPTIST HOSPITAL OF MIAMI CLINICAL LABORATORY,226,25,251
2020-03-24 10:12:00 EDT,QUEST DIAGNOSTICS NICHOLS INSTITUTE - SJC (ELR),163,30,193
2020-03-24 10:12:00 EDT,UNIVERSITY OF MIAMI HOSPITAL,132,35,167
2020-03-24 10:12:00 EDT,CLEVELAND CLINIC HOSPITAL LAB,116,25,141
2020-03-24 10:12:00 EDT,MAYO CLINIC LABORATORIES,116,9,125
2020-03-24 10:12:00 EDT,SACRED HEART HOSPITAL LABORATORY,99,12,111
2020-03-24 10:12:00 EDT,SARASOTA MEMORIAL HOSPITAL MAIN LAB,91,8,99
2020-03-24 10:12:00 EDT,VIRACOR-EUROFINS LABORATORIES,68,27,95
2020-03-24 10:12:00 EDT,ARUP LABORATORIES,86,9,95
2020-03-24 10:12:00 EDT,SOUTH MIAMI HOSPITAL LAB,80,13,93
2020-03-24 10:12:00 EDT,ST JOSEPHS HOSPITAL LABORATORY,81,6,87
2020-03-24 10:12:00 EDT,NAPLES COMMUNITY HOSPITAL,73,5,78
2020-03-24 10:12:00 EDT,WEST KENDALL BAPTIST HOSPITAL LABORATORY,53,12,65
2020-03-24 10:12:00 EDT,LAWNWOOD REGIONAL MEDICAL CENTER,62,0,62
2020-03-24 10:12:00 EDT,AVENTURA HOSPITAL LAB,48,9,57
2020-03-24 10:12:00 EDT,WESTSIDE REGIONAL MED CTR,42,14,56
2020-03-24 10:12:00 EDT,JFK MEDICAL CENTER LAB,39,14,53
2020-03-24 10:12:00 EDT,UNIVERSITY HOSPITAL AND MEDICAL CENTER,33,4,37
2020-03-24 10:12:00 EDT,FLORIDA HOSPITAL WATERMAN LABORATORY,32,0,32
2020-03-24 10:12:00 EDT,MERCY HOSPITAL A CAMPUS OF PLANTATION GEN HOSP LAB,21,9,30
2020-03-24 10:12:00 EDT,DOCTORS HOSPITAL,24,4,28
2020-03-24 10:12:00 EDT,WELLINGTON REGIONAL MED CTR LAB,26,2,28
2020-03-24 10:12:00 EDT,ST ANTHONY'S HOSPITAL LAB,24,0,24
2020-03-24 10:12:00 EDT,CDC,17,7,24
2020-03-24 10:12:00 EDT,MORTON PLANT HOSPITAL-ADLER INSTITUTE,21,1,22
2020-03-24 10:12:00 EDT,ST JOSEPHS HOSPITAL SOUTH LABORATORY,19,1,20
2020-03-24 10:12:00 EDT,CLINICORE LABS,19,0,19
2020-03-24 10:12:00 EDT,TALLAHASSEE MEMORIAL HOSPITAL,17,2,19
2020-03-24 10:12:00 EDT,HOMESTEAD HOSPITAL CLINICAL LABORATORY,17,1,18
2020-03-24 10:12:00 EDT,BAPTIST MEDICAL CENTER JACKSONVILLE,16,1,17
2020-03-24 10:12:00 EDT,NCH NORTH NAPLES HOSPITAL LAB,16,1,17
2020-03-24 10:12:00 EDT,OSCEOLA REGIONAL MEDICAL CENTER,14,1,15
2020-03-24 10:12:00 EDT,PLANTATION GENERAL HOSPITAL,15,0,15
2020-03-24 10:12:00 EDT,DELRAY MEDICAL CENTER,13,2,15
2020-03-24 10:12:00 EDT,NORTHWEST MEDICAL CENTER,13,1,14
2020-03-24 10:12:00 EDT,UF PATHLABS,13,1,14
2020-03-24 10:12:00 EDT,SHANDS JACKSONVILLE MEDICAL CENTER INC,13,0,13
2020-03-24 10:12:00 EDT,TENNESSEE DOH - NASHVILLE,9,4,13
2020-03-24 10:12:00 EDT,FLORIDA HOSPITAL FISH MEMORIAL,12,0,12
2020-03-24 10:12:00 EDT,LAKEWOOD RANCH MEDICAL CENTER,9,3,12
2020-03-24 10:12:00 EDT,QUEST DIAGNOSTICS,6,5,11
2020-03-24 10:12:00 EDT,SACRED HEART HEALTH SYSTEM,0,9,9
2020-03-24 10:12:00 EDT,WEST PALM HOSPITAL LAB,6,3,9
2020-03-24 10:12:00 EDT,QUEST,0,9,9
2020-03-24 10:12:00 EDT,LABCORP BURLINGTON (ELR),3,5,8
2020-03-24 10:12:00 EDT,ADVENTHEALTH DAYTONA BEACH,7,1,8
2020-03-24 10:12:00 EDT,JACKSON MEMORIAL HOSPITAL CLINICAL LAB,0,8,8
2020-03-24 10:12:00 EDT,CENTRAL FLORIDA REGIONAL HOSPITAL,5,2,7
2020-03-24 10:12:00 EDT,FLORIDA HOSPITAL FLAGLER,6,1,7
2020-03-24 10:12:00 EDT,ORLANDO HEALTH,0,7,7
2020-03-24 10:12:00 EDT,BIO COLLECTIONS INC,0,7,7
2020-03-24 10:12:00 EDT,FLORIDA HOSPITAL WESLEY CHAPEL,6,0,6
2020-03-24 10:12:00 EDT,MANATEE MEMORIAL HOSPITAL,6,0,6
2020-03-24 10:12:00 EDT,PALMS WEST HOSPITAL LAB,5,1,6
2020-03-24 10:12:00 EDT,DIATHERIX LABORATORIES,0,6,6
2020-03-24 10:12:00 EDT,RAULERSON HOSPITAL,6,0,6
2020-03-24 10:12:00 EDT,NEMOURS CHILDRENS HOSPITAL,6,0,6
2020-03-24 10:12:00 EDT,BAPTIST HOSPITAL LABORATORY,6,0,6
2020-03-24 10:12:00 EDT,BUREAU OF CLINICAL LABORATORIES,6,0,6
2020-03-24 10:12:00 EDT,NEW YORK STATE ELR - DEPARTMENT OF CLINICAL LABS,5,0,5
2020-03-24 10:12:00 EDT,GULF BREEZE HOSPITAL LAB,5,0,5
2020-03-24 10:12:00 EDT,FLORIDA HOSPITAL DELAND,3,2,5
2020-03-24 10:12:00 EDT,NEW YORK STATE ELR - WADSWORTH HEALTH CENTER,5,0,5
2020-03-24 10:12:00 EDT,BAYCARE LAB,0,5,5
2020-03-24 10:12:00 EDT,NCH NORTHEAST,4,0,4
2020-03-24 10:12:00 EDT,NEW YORK STATE ELR - NEW YORK HOSPITAL LABORATORIES,3,1,4
2020-03-24 10:12:00 EDT,QUEST DIAGNOSTICS - MIRAMAR,0,4,4
2020-03-24 10:12:00 EDT,QUEST DIAGNOSTICS NICHOLS INSTITUTE,3,1,4
2020-03-24 10:12:00 EDT,BAPTIST MEDICAL CENTER - BEACHES,4,0,4
2020-03-24 10:12:00 EDT,MARINERS HOSPITAL,4,0,4
2020-03-24 10:12:00 EDT,OVIEDO MEDICAL CENTER,4,0,4
2020-03-24 10:12:00 EDT,VA MEDICAL CENTER,0,3,3
2020-03-24 10:12:00 EDT,UHEALTH CORAL GABLES/LENNAR MED CTR,3,0,3
2020-03-24 10:12:00 EDT,NEW YORK STATE ELR - NORTH SHORE LONG ISLAND JEWISH HEALTH,2,1,3
2020-03-24 10:12:00 EDT,QUEST DIAGNOSTICS NICHOLS INSTITUTE- LPP,0,3,3
2020-03-24 10:12:00 EDT,FLORIDA HOSPITAL HEARTLAND MED CTR CLINICAL LAB,2,1,3
2020-03-24 10:12:00 EDT,FLORIDA HOSPITAL - TAMPA,3,0,3
2020-03-24 10:12:00 EDT,FLORIDA HOSPITAL OF CARROLLWOOD,3,0,3
2020-03-24 10:12:00 EDT,HOLMES REGIONAL MEDICAL CENTER,2,1,3
2020-03-24 10:12:00 EDT,HIGHLANDS REGIONAL MEDICAL CENTER,3,0,3
2020-03-24 10:12:00 EDT,JUPITER MEDICAL CENTER LAB,0,3,3
2020-03-24 10:12:00 EDT,NCH HEALTHCARE BONITA,3,0,3
2020-03-24 10:12:00 EDT,EGLIN AIRFORCE BASE LAB,0,3,3
2020-03-24 10:12:00 EDT,LABCORP,0,2,2
2020-03-24 10:12:00 EDT,QUEST DIAGNOSTIC,0,2,2
2020-03-24 10:12:00 EDT,LAB CORP,1,1,2
2020-03-24 10:12:00 EDT,QUEST DIAGNOSTIC INC,0,2,2
2020-03-24 10:12:00 EDT,LABONE LLC DBA QUEST DIAGNOSTICS,1,1,2
2020-03-24 10:12:00 EDT,QUEST DIAGNOSTICS - WEST HILLS,2,0,2
2020-03-24 10:12:00 EDT,LABCORP BURLINGTON (LPP),0,2,2
2020-03-24 10:12:00 EDT,QUEST DIAGNOSTICS NICHOLS INSTITUTE - SJC (LPP),1,1,2
2020-03-24 10:12:00 EDT,ST. ANTHONY'S HOSPITAL,0,2,2
2020-03-24 10:12:00 EDT,USAFSAM/PHE,0,2,2
2020-03-24 10:12:00 EDT,AMERICAN ESOTERIC LABORATORIES,0,2,2
2020-03-24 10:12:00 EDT,SOUTH LAKE HOSPITAL,0,2,2
2020-03-24 10:12:00 EDT,WHITE WILSON MEDICAL CENTER CLINIC,0,2,2
2020-03-24 10:12:00 EDT,SACRED HEART-EMERALD COAST,0,2,2
2020-03-24 10:12:00 EDT,FLORIDA HOSPITAL ZEPHYRHILLS,2,0,2
2020-03-24 10:12:00 EDT,PHYSICIANS STAT LAB,0,2,2
2020-03-24 10:12:00 EDT,NEW YORK STATE ELR - NEW YORK PRESBYTERIAN HOSPITAL CUMC CLINICAL,2,0,2
2020-03-24 10:12:00 EDT,NEW YORK STATE ELR - QUEST DIAGNOSTICS INCORPORATED,2,0,2
2020-03-24 10:12:00 EDT,MEMORIAL REGIONAL HOSPITAL CLINICAL LABORATORY,0,2,2
2020-03-24 10:12:00 EDT,ORLANDO VAMC,1,1,2
2020-03-24 10:12:00 EDT,FLORIDA DEPARTMENT OF HEALTH,1,0,1
2020-03-24 10:12:00 EDT,DOCTORS HOSPITAL OF SARASOTA CLINICAL LABORATORY,0,1,1
2020-03-24 10:12:00 EDT,ENGLEWOOD COMMUNITY HOSPITAL,0,1,1
2020-03-24 10:12:00 EDT,FL PHL TAMPA,1,0,1
2020-03-24 10:12:00 EDT,MRHS LAB,0,1,1
2020-03-24 10:12:00 EDT,FLORIDA HOSPITAL NORTH PINELLAS,1,0,1
2020-03-24 10:12:00 EDT,NICHOLS INSTITUTE QUEST DIAGNOSTICS,0,1,1
2020-03-24 10:12:00 EDT,ST LUCIE MEDICAL CENTER,1,0,1
2020-03-24 10:12:00 EDT,ST JOSEPHS NORTH HOSPITAL LAB,1,0,1
2020-03-24 10:12:00 EDT,NEW YORK STATE ELR - ROCHESTER GENERAL HOSPITAL LABORATORY,1,0,1
2020-03-24 10:12:00 EDT,Capital Regional Medical Ctr,1,0,1
2020-03-24 10:12:00 EDT,AZALEA HEALTH,0,1,1
2020-03-24 10:12:00 EDT,BAPTIST MEDICAL CENTER - NASSAU,1,0,1
2020-03-24 10:12:00 EDT,VIERA HOSPITAL,0,1,1
2020-03-24 10:12:00 EDT,AIT LABORATORIES,0,1,1
2020-03-24 10:12:00 EDT,NEW YORK STATE ELR - NEW YORK CITY DEPARTMENT OF HEALTH & MENTAL,1,0,1
2020-03-24 10:12:00 EDT,ARUP,0,1,1
2020-03-24 10:12:00 EDT,UNIVERSITY OF MIAMI HOSPITAL & CLINICS,0,1,1
2020-03-24 10:12:00 EDT,CAPE CORAL HOSPITAL CLINICAL LABORATORY,0,1,1
2020-03-24 10:12:00 EDT,NEW YORK STATE ELR - MONTEFIORE MEDICAL CENTER LABORATORIES - MOSES,1,0,1
2020-03-24 10:12:00 EDT,CALIFORNIA PUBLIC HEALTH LABORATORY,0,1,1
2020-03-24 10:12:00 EDT,NCH HEALTHCARE SYSTEM MICROBIOLOGY LAB,0,1,1
2020-03-24 10:12:00 EDT,UNKNOWN,0,1,1
2020-03-24 10:12:00 EDT,NORTHSIDE HOSPITAL AND HEART INSTITUTE,0,1,1
2020-03-24 10:12:00 EDT,LABCORP PHOENIX,0,1,1
2020-03-24 10:12:00 EDT,QUEST DIAGNOSTICS - ATLANTA,1,0,1
2020-03-24 10:12:00 EDT,MEDICAL CENTER OF TRINITY CLINICAL LABORATORY,0,1,1
2020-03-24 10:12:00 EDT,MEMORIAL HOSPITAL MICRO,0,1,1
2020-03-24 10:12:00 EDT,PALM BAY HOSPITAL,1,0,1
2020-03-24 10:12:00 EDT,PALMETTO GENERAL HOSPITAL LAB,1,0,1
2020-03-24 10:12:00 EDT,LEESBURG REGIONAL MEDICAL CENTER,0,1,1
2020-03-24 10:12:00 EDT,POINCIANA MEDICAL CENTER,1,0,1
2020-03-24 10:12:00 EDT,MACDILL AIRFORCE BASE MICRO,0,1,1
2020-03-24 10:12:00 EDT,PALO ALTO VA MEDICAL CENTER,0,1,1
2020-03-24 10:12:00 EDT,"QUEST DIAGNOSTIC CLINICAL LABORATORIES, INC",0,1,1
2020-03-24 10:12:00 EDT,PHYSICIANS REGIONAL MEDICAL CENTER - COLLIER BLVD,0,1,1
2020-03-24 10:12:00 EDT,ORLANDO VA MEDICAL CENTER,0,1,1
2020-03-24 10:12:00 EDT,GULF COAST MEDICAL CENTER MICROLAB,0,1,1
2020-03-24 10:12:00 EDT,OAK HILL HOSPITAL,0,1,1
2020-03-24 10:12:00 EDT,MHS LAB,1,0,1
2020-03-24 10:12:00 EDT,MORTON PLANT HOSPITAL/LAB,0,1,1
2020-03-24 10:12:00 EDT,GESSLER CLINIC,0,1,1
2020-03-24 10:12:00 EDT,SEBASTIAN RIVER MEDICAL CENTER,1,0,1
2020-03-24 10:12:00 EDT,QUEST DIAGNOSTICS-MIAMI,0,1,1
2020-03-24 10:12:00 EDT,QUEST DIAGNOSTICS WOOD DALE,1,0,1
2020-03-24 10:12:00 EDT,JACKSON NORTH MEDICAL CENTER,0,1,1
2020-03-24 10:12:00 EDT,ORLANDO REGIONAL MEDICAL CENTER,0,1,1
2020-03-24 10:12:00 EDT,SACRED HEART AT EMERALD COAST,0,1,1
2020-03-24 10:12:00 EDT,INDIAN RIVER MEDICAL CENTER LAB,0,1,1
2020-03-24 16:57:00 EDT,LABORATORY CORPORATION OF AMERICA,2697,210,2907
2020-03-24 16:57:00 EDT,QUEST DIAGNOSTICS - TAMPA,2392,176,2568
2020-03-24 16:57:00 EDT,BPHL-MIAMI,1209,205,1414
2020-03-24 16:57:00 EDT,MEMORIAL REGIONAL HOSPITAL SOUTH,1172,179,1351
2020-03-24 16:57:00 EDT,BPHL-TAMPA (SPECTRUM BLVD),1062,137,1199
2020-03-24 16:57:00 EDT,BPHL-JACKSONVILLE,1062,124,1186
2020-03-24 16:57:00 EDT,ADVENT HEALTH LAB,864,69,933
2020-03-24 16:57:00 EDT,TAMPA GENERAL HOSPITAL,730,42,772
2020-03-24 16:57:00 EDT,"BIO REFERENCE LABORATORIES, INC",512,64,576
2020-03-24 16:57:00 EDT,SHANDS AT THE UNIVERSITY OF FLORIDA,454,24,478
2020-03-24 16:57:00 EDT,"QUEST DIAGNOSTICS NICHOLS INSTITUTE, INC.",430,40,470
2020-03-24 16:57:00 EDT,BAYCARE LABORATORIES LLC,340,12,352
2020-03-24 16:57:00 EDT,BAPTIST HOSPITAL OF MIAMI CLINICAL LABORATORY,226,25,251
2020-03-24 16:57:00 EDT,QUEST DIAGNOSTICS NICHOLS INSTITUTE - SJC (ELR),163,30,193
2020-03-24 16:57:00 EDT,UNIVERSITY OF MIAMI HOSPITAL,132,35,167
2020-03-24 16:57:00 EDT,MAYO CLINIC LABORATORIES,146,10,156
2020-03-24 16:57:00 EDT,CLEVELAND CLINIC HOSPITAL LAB,116,25,141
2020-03-24 16:57:00 EDT,SACRED HEART HOSPITAL LABORATORY,99,13,112
2020-03-24 16:57:00 EDT,SARASOTA MEMORIAL HOSPITAL MAIN LAB,91,8,99
2020-03-24 16:57:00 EDT,VIRACOR-EUROFINS LABORATORIES,68,27,95
2020-03-24 16:57:00 EDT,ARUP LABORATORIES,86,9,95
2020-03-24 16:57:00 EDT,SOUTH MIAMI HOSPITAL LAB,80,13,93
2020-03-24 16:57:00 EDT,ST JOSEPHS HOSPITAL LABORATORY,81,6,87
2020-03-24 16:57:00 EDT,NAPLES COMMUNITY HOSPITAL,73,5,78
2020-03-24 16:57:00 EDT,WEST KENDALL BAPTIST HOSPITAL LABORATORY,53,12,65
2020-03-24 16:57:00 EDT,LAWNWOOD REGIONAL MEDICAL CENTER,62,0,62
2020-03-24 16:57:00 EDT,AVENTURA HOSPITAL LAB,48,9,57
2020-03-24 16:57:00 EDT,WESTSIDE REGIONAL MED CTR,42,14,56
2020-03-24 16:57:00 EDT,JFK MEDICAL CENTER LAB,39,14,53
2020-03-24 16:57:00 EDT,UNIVERSITY HOSPITAL AND MEDICAL CENTER,33,4,37
2020-03-24 16:57:00 EDT,FLORIDA HOSPITAL WATERMAN LABORATORY,32,0,32
2020-03-24 16:57:00 EDT,MERCY HOSPITAL A CAMPUS OF PLANTATION GEN HOSP LAB,21,9,30
2020-03-24 16:57:00 EDT,DOCTORS HOSPITAL,24,4,28
2020-03-24 16:57:00 EDT,WELLINGTON REGIONAL MED CTR LAB,26,2,28
2020-03-24 16:57:00 EDT,CDC,17,7,24
2020-03-24 16:57:00 EDT,ST ANTHONY'S HOSPITAL LAB,24,0,24
2020-03-24 16:57:00 EDT,QUEST DIAGNOSTICS NICHOLS INSTITUTE,21,3,24
2020-03-24 16:57:00 EDT,MORTON PLANT HOSPITAL-ADLER INSTITUTE,21,1,22
2020-03-24 16:57:00 EDT,ST JOSEPHS HOSPITAL SOUTH LABORATORY,19,1,20
2020-03-24 16:57:00 EDT,CLINICORE LABS,19,0,19
2020-03-24 16:57:00 EDT,TALLAHASSEE MEMORIAL HOSPITAL,17,2,19
2020-03-24 16:57:00 EDT,HOMESTEAD HOSPITAL CLINICAL LABORATORY,17,1,18
2020-03-24 16:57:00 EDT,NCH NORTH NAPLES HOSPITAL LAB,16,1,17
2020-03-24 16:57:00 EDT,BAPTIST MEDICAL CENTER JACKSONVILLE,16,1,17
2020-03-24 16:57:00 EDT,PLANTATION GENERAL HOSPITAL,15,0,15
2020-03-24 16:57:00 EDT,DELRAY MEDICAL CENTER,13,2,15
2020-03-24 16:57:00 EDT,OSCEOLA REGIONAL MEDICAL CENTER,14,1,15
2020-03-24 16:57:00 EDT,NORTHWEST MEDICAL CENTER,13,1,14
2020-03-24 16:57:00 EDT,UF PATHLABS,13,1,14
2020-03-24 16:57:00 EDT,SHANDS JACKSONVILLE MEDICAL CENTER INC,13,0,13
2020-03-24 16:57:00 EDT,TENNESSEE DOH - NASHVILLE,9,4,13
2020-03-24 16:57:00 EDT,QUEST,0,12,12
2020-03-24 16:57:00 EDT,LAKEWOOD RANCH MEDICAL CENTER,9,3,12
2020-03-24 16:57:00 EDT,SACRED HEART HEALTH SYSTEM,0,12,12
2020-03-24 16:57:00 EDT,FLORIDA HOSPITAL FISH MEMORIAL,12,0,12
2020-03-24 16:57:00 EDT,QUEST DIAGNOSTICS,6,5,11
2020-03-24 16:57:00 EDT,WEST PALM HOSPITAL LAB,6,3,9
2020-03-24 16:57:00 EDT,ORLANDO HEALTH,0,8,8
2020-03-24 16:57:00 EDT,LABCORP BURLINGTON (ELR),3,5,8
2020-03-24 16:57:00 EDT,JACKSON MEMORIAL HOSPITAL CLINICAL LAB,0,8,8
2020-03-24 16:57:00 EDT,ADVENTHEALTH DAYTONA BEACH,7,1,8
2020-03-24 16:57:00 EDT,FLORIDA HOSPITAL FLAGLER,6,1,7
2020-03-24 16:57:00 EDT,BIO COLLECTIONS INC,0,7,7
2020-03-24 16:57:00 EDT,CENTRAL FLORIDA REGIONAL HOSPITAL,5,2,7
2020-03-24 16:57:00 EDT,QUEST DIAGNOSTICS - MIRAMAR,0,7,7
2020-03-24 16:57:00 EDT,BUREAU OF CLINICAL LABORATORIES,6,0,6
2020-03-24 16:57:00 EDT,MANATEE MEMORIAL HOSPITAL,6,0,6
2020-03-24 16:57:00 EDT,NEMOURS CHILDRENS HOSPITAL,6,0,6
2020-03-24 16:57:00 EDT,DIATHERIX LABORATORIES,0,6,6
2020-03-24 16:57:00 EDT,PALMS WEST HOSPITAL LAB,5,1,6
2020-03-24 16:57:00 EDT,BAPTIST HOSPITAL LABORATORY,6,0,6
2020-03-24 16:57:00 EDT,RAULERSON HOSPITAL,6,0,6
2020-03-24 16:57:00 EDT,FLORIDA HOSPITAL WESLEY CHAPEL,6,0,6
2020-03-24 16:57:00 EDT,GULF BREEZE HOSPITAL LAB,5,0,5
2020-03-24 16:57:00 EDT,BAYCARE LAB,0,5,5
2020-03-24 16:57:00 EDT,NEW YORK STATE ELR - WADSWORTH HEALTH CENTER,5,0,5
2020-03-24 16:57:00 EDT,FLORIDA HOSPITAL DELAND,3,2,5
2020-03-24 16:57:00 EDT,NEW YORK STATE ELR - DEPARTMENT OF CLINICAL LABS,5,0,5
2020-03-24 16:57:00 EDT,OVIEDO MEDICAL CENTER,4,0,4
2020-03-24 16:57:00 EDT,NCH NORTHEAST,4,0,4
2020-03-24 16:57:00 EDT,NEW YORK STATE ELR - NEW YORK HOSPITAL LABORATORIES,3,1,4
2020-03-24 16:57:00 EDT,BAPTIST MEDICAL CENTER - BEACHES,4,0,4
2020-03-24 16:57:00 EDT,MARINERS HOSPITAL,4,0,4
2020-03-24 16:57:00 EDT,QUEST DIAGNOSTIC,0,3,3
2020-03-24 16:57:00 EDT,FLORIDA HOSPITAL HEARTLAND MED CTR CLINICAL LAB,2,1,3
2020-03-24 16:57:00 EDT,EGLIN AIRFORCE BASE LAB,0,3,3
2020-03-24 16:57:00 EDT,NEW YORK STATE ELR - NORTH SHORE LONG ISLAND JEWISH HEALTH,2,1,3
2020-03-24 16:57:00 EDT,QUEST DIAGNOSTICS NICHOLS INSTITUTE- LPP,0,3,3
2020-03-24 16:57:00 EDT,HIGHLANDS REGIONAL MEDICAL CENTER,3,0,3
2020-03-24 16:57:00 EDT,HOLMES REGIONAL MEDICAL CENTER,2,1,3
2020-03-24 16:57:00 EDT,FLORIDA HOSPITAL OF CARROLLWOOD,3,0,3
2020-03-24 16:57:00 EDT,FLORIDA HOSPITAL - TAMPA,3,0,3
2020-03-24 16:57:00 EDT,USAFSAM/PHE,1,2,3
2020-03-24 16:57:00 EDT,UHEALTH CORAL GABLES/LENNAR MED CTR,3,0,3
2020-03-24 16:57:00 EDT,NCH HEALTHCARE BONITA,3,0,3
2020-03-24 16:57:00 EDT,VA MEDICAL CENTER,0,3,3
2020-03-24 16:57:00 EDT,TGH,0,3,3
2020-03-24 16:57:00 EDT,JUPITER MEDICAL CENTER LAB,0,3,3
2020-03-24 16:57:00 EDT,PHYSICIANS STAT LAB,0,2,2
2020-03-24 16:57:00 EDT,QUEST DIAGNOSTIC INC,0,2,2
2020-03-24 16:57:00 EDT,LAB CORP,1,1,2
2020-03-24 16:57:00 EDT,QUEST DIAGNOSTICS - WEST HILLS,2,0,2
2020-03-24 16:57:00 EDT,ST. ANTHONY'S HOSPITAL,0,2,2
2020-03-24 16:57:00 EDT,SOUTH LAKE HOSPITAL,0,2,2
2020-03-24 16:57:00 EDT,VAMC ORLANDO,0,2,2
2020-03-24 16:57:00 EDT,COMMUNITY HEALTH OF SOUTH FLORIDA,0,2,2
2020-03-24 16:57:00 EDT,FLORIDA HOSPITAL ZEPHYRHILLS,2,0,2
2020-03-24 16:57:00 EDT,WHITE WILSON MEDICAL CENTER CLINIC,0,2,2
2020-03-24 16:57:00 EDT,AMERICAN ESOTERIC LABORATORIES,0,2,2
2020-03-24 16:57:00 EDT,SACRED HEART-EMERALD COAST,0,2,2
2020-03-24 16:57:00 EDT,LABCORP,0,2,2
2020-03-24 16:57:00 EDT,ORLANDO VAMC,1,1,2
2020-03-24 16:57:00 EDT,LABCORP BURLINGTON (LPP),0,2,2
2020-03-24 16:57:00 EDT,MEMORIAL REGIONAL HOSPITAL CLINICAL LABORATORY,0,2,2
2020-03-24 16:57:00 EDT,LABONE LLC DBA QUEST DIAGNOSTICS,1,1,2
2020-03-24 16:57:00 EDT,NEW YORK STATE ELR - NEW YORK PRESBYTERIAN HOSPITAL CUMC CLINICAL,2,0,2
2020-03-24 16:57:00 EDT,NEW YORK STATE ELR - QUEST DIAGNOSTICS INCORPORATED,2,0,2
2020-03-24 16:57:00 EDT,QUEST DIAGNOSTICS NICHOLS INSTITUTE - SJC (LPP),1,1,2
2020-03-24 16:57:00 EDT,CAPE CORAL HOSPITAL CLINICAL LABORATORY,0,1,1
2020-03-24 16:57:00 EDT,Capital Regional Medical Ctr,1,0,1
2020-03-24 16:57:00 EDT,NEW YORK STATE ELR - MONTEFIORE MEDICAL CENTER LABORATORIES - MOSES,1,0,1
2020-03-24 16:57:00 EDT,TAMPA GENERAL HOSPITAL CLINICAL LAB,0,1,1
2020-03-24 16:57:00 EDT,MEDICAL CENTER OF TRINITY CLINICAL LABORATORY,0,1,1
2020-03-24 16:57:00 EDT,ST JOSEPHS NORTH HOSPITAL LAB,1,0,1
2020-03-24 16:57:00 EDT,ENGLEWOOD COMMUNITY HOSPITAL,0,1,1
2020-03-24 16:57:00 EDT,FL PHL TAMPA,1,0,1
2020-03-24 16:57:00 EDT,ST LUCIE MEDICAL CENTER,1,0,1
2020-03-24 16:57:00 EDT,DOCTORS HOSPITAL OF SARASOTA CLINICAL LABORATORY,0,1,1
2020-03-24 16:57:00 EDT,NEW YORK STATE ELR - NEW YORK CITY DEPARTMENT OF HEALTH & MENTAL,1,0,1
2020-03-24 16:57:00 EDT,ST VINCENTS - CLAY COUNTY,1,0,1
2020-03-24 16:57:00 EDT,MEMORIAL HOSPITAL MICRO,0,1,1
2020-03-24 16:57:00 EDT,AZALEA HEALTH,0,1,1
2020-03-24 16:57:00 EDT,MORTON PLANT HOSPITAL/LAB,0,1,1
2020-03-24 16:57:00 EDT,VIERA HOSPITAL,0,1,1
2020-03-24 16:57:00 EDT,MRHS LAB,0,1,1
2020-03-24 16:57:00 EDT,AIT LABORATORIES,0,1,1
2020-03-24 16:57:00 EDT,ARUP,0,1,1
2020-03-24 16:57:00 EDT,NCH HEALTHCARE SYSTEM MICROBIOLOGY LAB,0,1,1
2020-03-24 16:57:00 EDT,UNIVERSITY OF MIAMI HOSPITAL & CLINICS,0,1,1
2020-03-24 16:57:00 EDT,BAPTIST MEDICAL CENTER - NASSAU,1,0,1
2020-03-24 16:57:00 EDT,CALIFORNIA PUBLIC HEALTH LABORATORY,0,1,1
2020-03-24 16:57:00 EDT,MHS LAB,1,0,1
2020-03-24 16:57:00 EDT,VA HOSPITAL,0,1,1
2020-03-24 16:57:00 EDT,UNKNOWN,0,1,1
2020-03-24 16:57:00 EDT,SOUTH MIAMI HOSPITAL,0,1,1
2020-03-24 16:57:00 EDT,ORLANDO VA MEDICAL CENTER,0,1,1
2020-03-24 16:57:00 EDT,INDIAN RIVER MEDICAL CENTER LAB,0,1,1
2020-03-24 16:57:00 EDT,QUEST DIAGNOSTICS - ATLANTA,1,0,1
2020-03-24 16:57:00 EDT,ORLANDO REGIONAL MEDICAL CENTER,0,1,1
2020-03-24 16:57:00 EDT,GESSLER CLINIC,0,1,1
2020-03-24 16:57:00 EDT,ORANGE PARK MEDICAL CENTER,1,0,1
2020-03-24 16:57:00 EDT,GULF COAST MEDICAL CENTER MICROLAB,0,1,1
2020-03-24 16:57:00 EDT,PALM BAY HOSPITAL,1,0,1
2020-03-24 16:57:00 EDT,PALMETTO GENERAL HOSPITAL LAB,1,0,1
2020-03-24 16:57:00 EDT,PHYSICIANS REGIONAL MEDICAL CENTER - COLLIER BLVD,0,1,1
2020-03-24 16:57:00 EDT,POINCIANA MEDICAL CENTER,1,0,1
2020-03-24 16:57:00 EDT,JACKSON NORTH MEDICAL CENTER,0,1,1
2020-03-24 16:57:00 EDT,"QUEST DIAGNOSTIC CLINICAL LABORATORIES, INC",0,1,1
2020-03-24 16:57:00 EDT,LABCORP PHOENIX,0,1,1
2020-03-24 16:57:00 EDT,OAK HILL HOSPITAL,0,1,1
2020-03-24 16:57:00 EDT,SEBASTIAN RIVER MEDICAL CENTER,1,0,1
2020-03-24 16:57:00 EDT,MACDILL AIRFORCE BASE MICRO,0,1,1
2020-03-24 16:57:00 EDT,NICHOLS INSTITUTE QUEST DIAGNOSTICS,0,1,1
2020-03-24 16:57:00 EDT,NEW YORK STATE ELR - ROCHESTER GENERAL HOSPITAL LABORATORY,1,0,1
2020-03-24 16:57:00 EDT,FLAGLER HOSPITAL,0,1,1
2020-03-24 16:57:00 EDT,PALO ALTO VA MEDICAL CENTER,0,1,1
2020-03-24 16:57:00 EDT,FLORIDA DEPARTMENT OF HEALTH,1,0,1
2020-03-24 16:57:00 EDT,QUESTDIAGNOSTICS INCORPORATED,0,1,1
2020-03-24 16:57:00 EDT,QUEST DIAGNOSTICS-MIAMI,0,1,1
2020-03-24 16:57:00 EDT,QUEST DIAGNOSTICS WOOD DALE,1,0,1
2020-03-24 16:57:00 EDT,LEESBURG REGIONAL MEDICAL CENTER,0,1,1
2020-03-24 16:57:00 EDT,FLORIDA HOSPITAL NORTH PINELLAS,1,0,1
2020-03-24 16:57:00 EDT,NORTHSIDE HOSPITAL AND HEART INSTITUTE,0,1,1
2020-03-24 16:57:00 EDT,SACRED HEART AT EMERALD COAST,0,1,1
2020-03-25 10:07:00 EDT,LABORATORY CORPORATION OF AMERICA,3036,236,3272
2020-03-25 10:07:00 EDT,QUEST DIAGNOSTICS - TAMPA,2467,177,2644
2020-03-25 10:07:00 EDT,MEMORIAL REGIONAL HOSPITAL SOUTH,1364,219,1583
2020-03-25 10:07:00 EDT,BPHL-MIAMI,1259,221,1480
2020-03-25 10:07:00 EDT,BPHL-JACKSONVILLE,1286,151,1437
2020-03-25 10:07:00 EDT,BPHL-TAMPA (SPECTRUM BLVD),1140,149,1289
2020-03-25 10:07:00 EDT,ADVENT HEALTH LAB,1159,100,1259
2020-03-25 10:07:00 EDT,TAMPA GENERAL HOSPITAL,849,47,896
2020-03-25 10:07:00 EDT,"QUEST DIAGNOSTICS NICHOLS INSTITUTE, INC.",641,53,694
2020-03-25 10:07:00 EDT,SHANDS AT THE UNIVERSITY OF FLORIDA,617,36,653
2020-03-25 10:07:00 EDT,"BIO REFERENCE LABORATORIES, INC",512,64,576
2020-03-25 10:07:00 EDT,BAYCARE LABORATORIES LLC,438,18,456
2020-03-25 10:07:00 EDT,BAPTIST HOSPITAL OF MIAMI CLINICAL LABORATORY,325,29,354
2020-03-25 10:07:00 EDT,UNIVERSITY OF MIAMI HOSPITAL,170,44,214
2020-03-25 10:07:00 EDT,QUEST DIAGNOSTICS NICHOLS INSTITUTE - SJC (ELR),163,30,193
2020-03-25 10:07:00 EDT,SACRED HEART HOSPITAL LABORATORY,166,20,186
2020-03-25 10:07:00 EDT,CLEVELAND CLINIC HOSPITAL LAB,143,31,174
2020-03-25 10:07:00 EDT,MAYO CLINIC LABORATORIES,146,10,156
2020-03-25 10:07:00 EDT,SOUTH MIAMI HOSPITAL LAB,116,22,138
2020-03-25 10:07:00 EDT,SARASOTA MEMORIAL HOSPITAL MAIN LAB,113,13,126
2020-03-25 10:07:00 EDT,NAPLES COMMUNITY HOSPITAL,115,7,122
2020-03-25 10:07:00 EDT,ST JOSEPHS HOSPITAL LABORATORY,93,6,99
2020-03-25 10:07:00 EDT,ARUP LABORATORIES,87,10,97
2020-03-25 10:07:00 EDT,WEST KENDALL BAPTIST HOSPITAL LABORATORY,80,16,96
2020-03-25 10:07:00 EDT,VIRACOR-EUROFINS LABORATORIES,68,27,95
2020-03-25 10:07:00 EDT,LAWNWOOD REGIONAL MEDICAL CENTER,65,0,65
2020-03-25 10:07:00 EDT,AVENTURA HOSPITAL LAB,48,9,57
2020-03-25 10:07:00 EDT,WESTSIDE REGIONAL MED CTR,42,14,56
2020-03-25 10:07:00 EDT,JFK MEDICAL CENTER LAB,39,14,53
2020-03-25 10:07:00 EDT,DOCTORS HOSPITAL,44,6,50
2020-03-25 10:07:00 EDT,MORTON PLANT HOSPITAL-ADLER INSTITUTE,42,1,43
2020-03-25 10:07:00 EDT,UNIVERSITY HOSPITAL AND MEDICAL CENTER,33,4,37
2020-03-25 10:07:00 EDT,FLORIDA HOSPITAL WATERMAN LABORATORY,35,0,35
2020-03-25 10:07:00 EDT,ST ANTHONY'S HOSPITAL LAB,34,0,34
2020-03-25 10:07:00 EDT,MERCY HOSPITAL A CAMPUS OF PLANTATION GEN HOSP LAB,21,10,31
2020-03-25 10:07:00 EDT,WELLINGTON REGIONAL MED CTR LAB,26,2,28
2020-03-25 10:07:00 EDT,QUEST DIAGNOSTICS NICHOLS INSTITUTE,24,3,27
2020-03-25 10:07:00 EDT,CDC,17,7,24
2020-03-25 10:07:00 EDT,NCH NORTH NAPLES HOSPITAL LAB,21,1,22
2020-03-25 10:07:00 EDT,ST JOSEPHS HOSPITAL SOUTH LABORATORY,20,1,21
2020-03-25 10:07:00 EDT,TALLAHASSEE MEMORIAL HOSPITAL,19,2,21
2020-03-25 10:07:00 EDT,HOMESTEAD HOSPITAL CLINICAL LABORATORY,19,1,20
2020-03-25 10:07:00 EDT,SHANDS JACKSONVILLE MEDICAL CENTER INC,19,0,19
2020-03-25 10:07:00 EDT,UF PATHLABS,18,1,19
2020-03-25 10:07:00 EDT,CLINICORE LABS,19,0,19
2020-03-25 10:07:00 EDT,BAPTIST MEDICAL CENTER JACKSONVILLE,16,1,17
2020-03-25 10:07:00 EDT,OSCEOLA REGIONAL MEDICAL CENTER,15,1,16
2020-03-25 10:07:00 EDT,QUEST DIAGNOSTICS,9,6,15
2020-03-25 10:07:00 EDT,DELRAY MEDICAL CENTER,13,2,15
2020-03-25 10:07:00 EDT,PLANTATION GENERAL HOSPITAL,15,0,15
2020-03-25 10:07:00 EDT,BAPTIST HOSPITAL LABORATORY,15,0,15
2020-03-25 10:07:00 EDT,QUEST,0,14,14
2020-03-25 10:07:00 EDT,NORTHWEST MEDICAL CENTER,13,1,14
2020-03-25 10:07:00 EDT,ORLANDO HEALTH,0,13,13
2020-03-25 10:07:00 EDT,TENNESSEE DOH - NASHVILLE,9,4,13
2020-03-25 10:07:00 EDT,QUEST DIAGNOSTICS - ATLANTA,12,0,12
2020-03-25 10:07:00 EDT,FLORIDA HOSPITAL HEARTLAND MED CTR CLINICAL LAB,11,1,12
2020-03-25 10:07:00 EDT,SACRED HEART HEALTH SYSTEM,0,12,12
2020-03-25 10:07:00 EDT,CENTRAL FLORIDA REGIONAL HOSPITAL,10,2,12
2020-03-25 10:07:00 EDT,LAKEWOOD RANCH MEDICAL CENTER,9,3,12
2020-03-25 10:07:00 EDT,FLORIDA HOSPITAL FISH MEMORIAL,12,0,12
2020-03-25 10:07:00 EDT,ADVENTHEALTH DAYTONA BEACH,9,1,10
2020-03-25 10:07:00 EDT,Capital Regional Medical Ctr,10,0,10
2020-03-25 10:07:00 EDT,JACKSON MEMORIAL HOSPITAL CLINICAL LAB,0,10,10
2020-03-25 10:07:00 EDT,GULF BREEZE HOSPITAL LAB,9,1,10
2020-03-25 10:07:00 EDT,NEMOURS CHILDRENS HOSPITAL,10,0,10
2020-03-25 10:07:00 EDT,QUEST DIAGNOSTICS - MIRAMAR,0,10,10
2020-03-25 10:07:00 EDT,FLORIDA HOSPITAL - TAMPA,8,1,9
2020-03-25 10:07:00 EDT,WEST PALM HOSPITAL LAB,6,3,9
2020-03-25 10:07:00 EDT,OVIEDO MEDICAL CENTER,8,0,8
2020-03-25 10:07:00 EDT,LABCORP BURLINGTON (ELR),3,5,8
2020-03-25 10:07:00 EDT,MARINERS HOSPITAL,7,1,8
2020-03-25 10:07:00 EDT,QUEST DIAGNOSTIC,0,7,7
2020-03-25 10:07:00 EDT,NCH NORTHEAST,6,1,7
2020-03-25 10:07:00 EDT,BUREAU OF CLINICAL LABORATORIES,7,0,7
2020-03-25 10:07:00 EDT,FLORIDA HOSPITAL DELAND,5,2,7
2020-03-25 10:07:00 EDT,FLORIDA HOSPITAL FLAGLER,6,1,7
2020-03-25 10:07:00 EDT,BIO COLLECTIONS INC,0,7,7
2020-03-25 10:07:00 EDT,FLORIDA HOSPITAL OF CARROLLWOOD,7,0,7
2020-03-25 10:07:00 EDT,BAYCARE LAB,0,7,7
2020-03-25 10:07:00 EDT,MANATEE MEMORIAL HOSPITAL,6,0,6
2020-03-25 10:07:00 EDT,PALMS WEST HOSPITAL LAB,5,1,6
2020-03-25 10:07:00 EDT,FLORIDA HOSPITAL WESLEY CHAPEL,6,0,6
2020-03-25 10:07:00 EDT,UHEALTH CORAL GABLES/LENNAR MED CTR,6,0,6
2020-03-25 10:07:00 EDT,DIATHERIX LABORATORIES,0,6,6
2020-03-25 10:07:00 EDT,RAULERSON HOSPITAL,6,0,6
2020-03-25 10:07:00 EDT,NEW YORK STATE ELR - WADSWORTH HEALTH CENTER,5,0,5
2020-03-25 10:07:00 EDT,NEW YORK STATE ELR - DEPARTMENT OF CLINICAL LABS,5,0,5
2020-03-25 10:07:00 EDT,NCH HEALTHCARE BONITA,5,0,5
2020-03-25 10:07:00 EDT,JUPITER MEDICAL CENTER LAB,2,3,5
2020-03-25 10:07:00 EDT,PALO ALTO VA MEDICAL CENTER,0,4,4
2020-03-25 10:07:00 EDT,NEW YORK STATE ELR - NEW YORK HOSPITAL LABORATORIES,3,1,4
2020-03-25 10:07:00 EDT,BAPTIST MEDICAL CENTER - BEACHES,4,0,4
2020-03-25 10:07:00 EDT,HIGHLANDS REGIONAL MEDICAL CENTER,3,0,3
2020-03-25 10:07:00 EDT,QUEST DIAGNOSTICS - WEST HILLS,3,0,3
2020-03-25 10:07:00 EDT,USAFSAM/PHE,1,2,3
2020-03-25 10:07:00 EDT,HOLMES REGIONAL MEDICAL CENTER,2,1,3
2020-03-25 10:07:00 EDT,VA MEDICAL CENTER,0,3,3
2020-03-25 10:07:00 EDT,SOUTH LAKE HOSPITAL,0,3,3
2020-03-25 10:07:00 EDT,TGH,0,3,3
2020-03-25 10:07:00 EDT,COMMUNITY HEALTH OF SOUTH FLORIDA,0,3,3
2020-03-25 10:07:00 EDT,CAPE CORAL HOSPITAL CLINICAL LABORATORY,0,3,3
2020-03-25 10:07:00 EDT,QUEST DIAGNOSTICS NICHOLS INSTITUTE- LPP,0,3,3
2020-03-25 10:07:00 EDT,SACRED HEART-EMERALD COAST,0,3,3
2020-03-25 10:07:00 EDT,EGLIN AIRFORCE BASE LAB,0,3,3
2020-03-25 10:07:00 EDT,NEW YORK STATE ELR - NORTH SHORE LONG ISLAND JEWISH HEALTH,2,1,3
2020-03-25 10:07:00 EDT,FLORIDA HOSPITAL ZEPHYRHILLS,2,0,2
2020-03-25 10:07:00 EDT,ST. ANTHONY'S HOSPITAL,0,2,2
2020-03-25 10:07:00 EDT,QUEST DIAGNOSTIC INC,0,2,2
2020-03-25 10:07:00 EDT,QUEST DIAGNOSTICS-MIAMI,0,2,2
2020-03-25 10:07:00 EDT,UNIVERSITY OF MIAMI HOSPITAL & CLINICS,1,1,2
2020-03-25 10:07:00 EDT,LABCORP,0,2,2
2020-03-25 10:07:00 EDT,QUEST DIAGNOSTICS NICHOLS INSTITUTE - SJC (LPP),1,1,2
2020-03-25 10:07:00 EDT,MEMORIAL HOSPITAL MICRO,0,2,2
2020-03-25 10:07:00 EDT,MEMORIAL REGIONAL HOSPITAL CLINICAL LABORATORY,0,2,2
2020-03-25 10:07:00 EDT,LAB CORP,1,1,2
2020-03-25 10:07:00 EDT,FLORIDA HOSPITAL NORTH PINELLAS,2,0,2
2020-03-25 10:07:00 EDT,LABONE LLC DBA QUEST DIAGNOSTICS,1,1,2
2020-03-25 10:07:00 EDT,LABCORP BURLINGTON (LPP),0,2,2
2020-03-25 10:07:00 EDT,NEW YORK STATE ELR - NEW YORK PRESBYTERIAN HOSPITAL CUMC CLINICAL,2,0,2
2020-03-25 10:07:00 EDT,WHITE WILSON MEDICAL CENTER CLINIC,0,2,2
2020-03-25 10:07:00 EDT,ORLANDO VAMC,1,1,2
2020-03-25 10:07:00 EDT,AMERICAN ESOTERIC LABORATORIES,0,2,2
2020-03-25 10:07:00 EDT,ST JOSEPHS NORTH HOSPITAL LAB,2,0,2
2020-03-25 10:07:00 EDT,PHYSICIANS STAT LAB,0,2,2
2020-03-25 10:07:00 EDT,NEW YORK STATE ELR - QUEST DIAGNOSTICS INCORPORATED,2,0,2
2020-03-25 10:07:00 EDT,VAMC ORLANDO,0,2,2
2020-03-25 10:07:00 EDT,ST LUCIE MEDICAL CENTER,1,0,1
2020-03-25 10:07:00 EDT,CALIFORNIA PUBLIC HEALTH LABORATORY,0,1,1
2020-03-25 10:07:00 EDT,LEESBURG REGIONAL MEDICAL CENTER,0,1,1
2020-03-25 10:07:00 EDT,NEW YORK STATE ELR - MONTEFIORE MEDICAL CENTER LABORATORIES - MOSES,1,0,1
2020-03-25 10:07:00 EDT,ST PETERSBURG GENERAL HOSPITAL,0,1,1
2020-03-25 10:07:00 EDT,ST VINCENTS - CLAY COUNTY,1,0,1
2020-03-25 10:07:00 EDT,ST JOSEPHS HOSPITAL,0,1,1
2020-03-25 10:07:00 EDT,NEW YORK STATE ELR - NEW YORK CITY DEPARTMENT OF HEALTH & MENTAL,1,0,1
2020-03-25 10:07:00 EDT,AZALEA HEALTH,0,1,1
2020-03-25 10:07:00 EDT,BAPTIST HEALTH SOUTH FLORIDA,0,1,1
2020-03-25 10:07:00 EDT,VIERA HOSPITAL,0,1,1
2020-03-25 10:07:00 EDT,JACKSON NORTH MEDICAL CENTER,0,1,1
2020-03-25 10:07:00 EDT,AIT LABORATORIES,0,1,1
2020-03-25 10:07:00 EDT,ARUP,0,1,1
2020-03-25 10:07:00 EDT,NCH HEALTHCARE SYSTEM MICROBIOLOGY LAB,0,1,1
2020-03-25 10:07:00 EDT,MACDILL AIRFORCE BASE MICRO,0,1,1
2020-03-25 10:07:00 EDT,MEDICAL CENTER OF TRINITY CLINICAL LABORATORY,0,1,1
2020-03-25 10:07:00 EDT,TAMPA GENERAL HOSPITAL CLINICAL LAB,0,1,1
2020-03-25 10:07:00 EDT,VA HOSPITAL,0,1,1
2020-03-25 10:07:00 EDT,UNKNOWN,0,1,1
2020-03-25 10:07:00 EDT,BAPTIST MEDICAL CENTER - NASSAU,1,0,1
2020-03-25 10:07:00 EDT,SOUTH MIAMI HOSPITAL,0,1,1
2020-03-25 10:07:00 EDT,POINCIANA MEDICAL CENTER,1,0,1
2020-03-25 10:07:00 EDT,OAK HILL HOSPITAL,0,1,1
2020-03-25 10:07:00 EDT,PHYSICIANS REGIONAL MEDICAL CENTER - COLLIER BLVD,0,1,1
2020-03-25 10:07:00 EDT,NORTHSIDE HOSPITAL AND HEART INSTITUTE,0,1,1
2020-03-25 10:07:00 EDT,GESSLER CLINIC,0,1,1
2020-03-25 10:07:00 EDT,"QUEST DIAGNOSTIC CLINICAL LABORATORIES, INC",0,1,1
2020-03-25 10:07:00 EDT,GULF COAST MEDICAL CENTER MICROLAB,0,1,1
2020-03-25 10:07:00 EDT,ORANGE PARK MEDICAL CENTER,1,0,1
2020-03-25 10:07:00 EDT,INTERCOASTAL MEDICAL GROUP,0,1,1
2020-03-25 10:07:00 EDT,ORLANDO VA MEDICAL CENTER,0,1,1
2020-03-25 10:07:00 EDT,ORLANDO REGIONAL MEDICAL CENTER,0,1,1
2020-03-25 10:07:00 EDT,INDIAN RIVER MEDICAL CENTER LAB,0,1,1
2020-03-25 10:07:00 EDT,LABCORP PHOENIX,0,1,1
2020-03-25 10:07:00 EDT,PALMETTO GENERAL HOSPITAL LAB,1,0,1
2020-03-25 10:07:00 EDT,PALM BAY HOSPITAL,1,0,1
2020-03-25 10:07:00 EDT,MRHS LAB,0,1,1
2020-03-25 10:07:00 EDT,FL PHL TAMPA,1,0,1
2020-03-25 10:07:00 EDT,FLAGLER HOSPITAL,0,1,1
2020-03-25 10:07:00 EDT,FLORIDA DEPARTMENT OF HEALTH,1,0,1
2020-03-25 10:07:00 EDT,SCDHEC BUREAU OF LABORATORIES,0,1,1
2020-03-25 10:07:00 EDT,DOCTORS HOSPITAL OF SARASOTA CLINICAL LABORATORY,0,1,1
2020-03-25 10:07:00 EDT,ENGLEWOOD COMMUNITY HOSPITAL,0,1,1
2020-03-25 10:07:00 EDT,SEBASTIAN RIVER MEDICAL CENTER,1,0,1
2020-03-25 10:07:00 EDT,SACRED HEART AT EMERALD COAST,0,1,1
2020-03-25 10:07:00 EDT,MHS LAB,1,0,1
2020-03-25 10:07:00 EDT,NICHOLS INSTITUTE QUEST DIAGNOSTICS,0,1,1
2020-03-25 10:07:00 EDT,MORTON PLANT HOSPITAL/LAB,0,1,1
2020-03-25 10:07:00 EDT,NEW YORK STATE ELR - ROCHESTER GENERAL HOSPITAL LABORATORY,1,0,1
2020-03-25 10:07:00 EDT,LECONTE MEDICAL CENTER LAB,1,0,1
2020-03-25 10:07:00 EDT,QUESTDIAGNOSTICS INCORPORATED,0,1,1
2020-03-25 10:07:00 EDT,QUEST DIAGNOSTICS WOOD DALE,1,0,1
2020-03-25 17:45:00 EDT,QUEST DIAGNOSTICS - TAMPA,6127,383,6510
2020-03-25 17:45:00 EDT,LABORATORY CORPORATION OF AMERICA,3036,236,3272
2020-03-25 17:45:00 EDT,MEMORIAL REGIONAL HOSPITAL SOUTH,1364,219,1583
2020-03-25 17:45:00 EDT,BPHL-JACKSONVILLE,1352,156,1508
2020-03-25 17:45:00 EDT,BPHL-MIAMI,1270,224,1494
2020-03-25 17:45:00 EDT,ADVENT HEALTH LAB,1304,112,1416
2020-03-25 17:45:00 EDT,BPHL-TAMPA (SPECTRUM BLVD),1210,162,1372
2020-03-25 17:45:00 EDT,"QUEST DIAGNOSTICS NICHOLS INSTITUTE, INC.",1069,74,1143
2020-03-25 17:45:00 EDT,TAMPA GENERAL HOSPITAL,873,48,921
2020-03-25 17:45:00 EDT,"BIO REFERENCE LABORATORIES, INC",729,101,830
2020-03-25 17:45:00 EDT,SHANDS AT THE UNIVERSITY OF FLORIDA,700,37,737
2020-03-25 17:45:00 EDT,BAYCARE LABORATORIES LLC,438,18,456
2020-03-25 17:45:00 EDT,BAPTIST HOSPITAL OF MIAMI CLINICAL LABORATORY,325,29,354
2020-03-25 17:45:00 EDT,MAYO CLINIC LABORATORIES,293,14,307
2020-03-25 17:45:00 EDT,UNIVERSITY OF MIAMI HOSPITAL,170,44,214
2020-03-25 17:45:00 EDT,QUEST DIAGNOSTICS NICHOLS INSTITUTE - SJC (ELR),163,30,193
2020-03-25 17:45:00 EDT,SACRED HEART HOSPITAL LABORATORY,166,21,187
2020-03-25 17:45:00 EDT,CLEVELAND CLINIC HOSPITAL LAB,143,31,174
2020-03-25 17:45:00 EDT,SARASOTA MEMORIAL HOSPITAL MAIN LAB,134,17,151
2020-03-25 17:45:00 EDT,SOUTH MIAMI HOSPITAL LAB,116,22,138
2020-03-25 17:45:00 EDT,NAPLES COMMUNITY HOSPITAL,122,8,130
2020-03-25 17:45:00 EDT,ST JOSEPHS HOSPITAL LABORATORY,93,6,99
2020-03-25 17:45:00 EDT,ARUP LABORATORIES,87,10,97
2020-03-25 17:45:00 EDT,WEST KENDALL BAPTIST HOSPITAL LABORATORY,80,16,96
2020-03-25 17:45:00 EDT,VIRACOR-EUROFINS LABORATORIES,68,27,95
2020-03-25 17:45:00 EDT,QUEST DIAGNOSTICS NICHOLS INSTITUTE,87,3,90
2020-03-25 17:45:00 EDT,LAWNWOOD REGIONAL MEDICAL CENTER,65,0,65
2020-03-25 17:45:00 EDT,AVENTURA HOSPITAL LAB,48,9,57
2020-03-25 17:45:00 EDT,WESTSIDE REGIONAL MED CTR,42,14,56
2020-03-25 17:45:00 EDT,JFK MEDICAL CENTER LAB,39,15,54
2020-03-25 17:45:00 EDT,DOCTORS HOSPITAL,44,6,50
2020-03-25 17:45:00 EDT,MORTON PLANT HOSPITAL-ADLER INSTITUTE,42,1,43
2020-03-25 17:45:00 EDT,UNIVERSITY HOSPITAL AND MEDICAL CENTER,33,4,37
2020-03-25 17:45:00 EDT,FLORIDA HOSPITAL WATERMAN LABORATORY,35,0,35
2020-03-25 17:45:00 EDT,ST ANTHONY'S HOSPITAL LAB,34,0,34
2020-03-25 17:45:00 EDT,MERCY HOSPITAL A CAMPUS OF PLANTATION GEN HOSP LAB,21,10,31
2020-03-25 17:45:00 EDT,WELLINGTON REGIONAL MED CTR LAB,26,2,28
2020-03-25 17:45:00 EDT,CDC,17,7,24
2020-03-25 17:45:00 EDT,UF PATHLABS,22,1,23
2020-03-25 17:45:00 EDT,NCH NORTH NAPLES HOSPITAL LAB,21,1,22
2020-03-25 17:45:00 EDT,ST JOSEPHS HOSPITAL SOUTH LABORATORY,20,1,21
2020-03-25 17:45:00 EDT,TALLAHASSEE MEMORIAL HOSPITAL,19,2,21
2020-03-25 17:45:00 EDT,SHANDS JACKSONVILLE MEDICAL CENTER INC,20,0,20
2020-03-25 17:45:00 EDT,HOMESTEAD HOSPITAL CLINICAL LABORATORY,19,1,20
2020-03-25 17:45:00 EDT,CLINICORE LABS,19,1,20
2020-03-25 17:45:00 EDT,BAPTIST MEDICAL CENTER JACKSONVILLE,16,1,17
2020-03-25 17:45:00 EDT,ORLANDO HEALTH,0,16,16
2020-03-25 17:45:00 EDT,QUEST,0,16,16
2020-03-25 17:45:00 EDT,BAPTIST HOSPITAL LABORATORY,16,0,16
2020-03-25 17:45:00 EDT,OSCEOLA REGIONAL MEDICAL CENTER,15,1,16
2020-03-25 17:45:00 EDT,PLANTATION GENERAL HOSPITAL,15,0,15
2020-03-25 17:45:00 EDT,SACRED HEART HEALTH SYSTEM,0,15,15
2020-03-25 17:45:00 EDT,QUEST DIAGNOSTICS,9,6,15
2020-03-25 17:45:00 EDT,DELRAY MEDICAL CENTER,13,2,15
2020-03-25 17:45:00 EDT,CENTRAL FLORIDA REGIONAL HOSPITAL,10,4,14
2020-03-25 17:45:00 EDT,NORTHWEST MEDICAL CENTER,13,1,14
2020-03-25 17:45:00 EDT,TENNESSEE DOH - NASHVILLE,9,4,13
2020-03-25 17:45:00 EDT,Capital Regional Medical Ctr,12,0,12
2020-03-25 17:45:00 EDT,LAKEWOOD RANCH MEDICAL CENTER,9,3,12
2020-03-25 17:45:00 EDT,QUEST DIAGNOSTICS - ATLANTA,12,0,12
2020-03-25 17:45:00 EDT,FLORIDA HOSPITAL HEARTLAND MED CTR CLINICAL LAB,11,1,12
2020-03-25 17:45:00 EDT,FLORIDA HOSPITAL FISH MEMORIAL,12,0,12
2020-03-25 17:45:00 EDT,QUEST DIAGNOSTICS - MIRAMAR,1,11,12
2020-03-25 17:45:00 EDT,NEMOURS CHILDRENS HOSPITAL,10,0,10
2020-03-25 17:45:00 EDT,NCH NORTHEAST,9,1,10
2020-03-25 17:45:00 EDT,BIO COLLECTIONS INC,0,10,10
2020-03-25 17:45:00 EDT,ADVENTHEALTH DAYTONA BEACH,9,1,10
2020-03-25 17:45:00 EDT,JACKSON MEMORIAL HOSPITAL CLINICAL LAB,0,10,10
2020-03-25 17:45:00 EDT,GULF BREEZE HOSPITAL LAB,9,1,10
2020-03-25 17:45:00 EDT,WEST PALM HOSPITAL LAB,6,3,9
2020-03-25 17:45:00 EDT,FLORIDA HOSPITAL - TAMPA,8,1,9
2020-03-25 17:45:00 EDT,OVIEDO MEDICAL CENTER,8,0,8
2020-03-25 17:45:00 EDT,QUEST DIAGNOSTICS - WEST HILLS,8,0,8
2020-03-25 17:45:00 EDT,MARINERS HOSPITAL,7,1,8
2020-03-25 17:45:00 EDT,LABCORP BURLINGTON (ELR),3,5,8
2020-03-25 17:45:00 EDT,BAYCARE LAB,0,7,7
2020-03-25 17:45:00 EDT,FLORIDA HOSPITAL FLAGLER,6,1,7
2020-03-25 17:45:00 EDT,FLORIDA HOSPITAL OF CARROLLWOOD,7,0,7
2020-03-25 17:45:00 EDT,FLORIDA HOSPITAL DELAND,5,2,7
2020-03-25 17:45:00 EDT,QUEST DIAGNOSTIC,0,7,7
2020-03-25 17:45:00 EDT,BUREAU OF CLINICAL LABORATORIES,7,0,7
2020-03-25 17:45:00 EDT,RAULERSON HOSPITAL,6,0,6
2020-03-25 17:45:00 EDT,UHEALTH CORAL GABLES/LENNAR MED CTR,6,0,6
2020-03-25 17:45:00 EDT,PALMS WEST HOSPITAL LAB,5,1,6
2020-03-25 17:45:00 EDT,MANATEE MEMORIAL HOSPITAL,6,0,6
2020-03-25 17:45:00 EDT,FLORIDA HOSPITAL WESLEY CHAPEL,6,0,6
2020-03-25 17:45:00 EDT,DIATHERIX LABORATORIES,0,6,6
2020-03-25 17:45:00 EDT,JUPITER MEDICAL CENTER LAB,2,3,5
2020-03-25 17:45:00 EDT,NCH HEALTHCARE BONITA,5,0,5
2020-03-25 17:45:00 EDT,NEW YORK STATE ELR - WADSWORTH HEALTH CENTER,5,0,5
2020-03-25 17:45:00 EDT,NEW YORK STATE ELR - DEPARTMENT OF CLINICAL LABS,5,0,5
2020-03-25 17:45:00 EDT,NEW YORK STATE ELR - NEW YORK HOSPITAL LABORATORIES,3,1,4
2020-03-25 17:45:00 EDT,PALO ALTO VA MEDICAL CENTER,0,4,4
2020-03-25 17:45:00 EDT,ADVENT HEALTH DAYTONA,1,3,4
2020-03-25 17:45:00 EDT,LABCORP,0,4,4
2020-03-25 17:45:00 EDT,BMHSI-AEL MICROBIOLOGY LABORATORY,3,1,4
2020-03-25 17:45:00 EDT,EGLIN AIRFORCE BASE LAB,0,4,4
2020-03-25 17:45:00 EDT,COMMUNITY HEALTH OF SOUTH FLORIDA,0,4,4
2020-03-25 17:45:00 EDT,HOLMES REGIONAL MEDICAL CENTER,3,1,4
2020-03-25 17:45:00 EDT,ST VINCENTS - CLAY COUNTY,1,3,4
2020-03-25 17:45:00 EDT,BAPTIST MEDICAL CENTER - BEACHES,4,0,4
2020-03-25 17:45:00 EDT,VAMC ORLANDO,0,4,4
2020-03-25 17:45:00 EDT,ARUP,0,3,3
2020-03-25 17:45:00 EDT,TGH,0,3,3
2020-03-25 17:45:00 EDT,CAPE CORAL HOSPITAL CLINICAL LABORATORY,0,3,3
2020-03-25 17:45:00 EDT,USAFSAM/PHE,1,2,3
2020-03-25 17:45:00 EDT,VA MEDICAL CENTER,0,3,3
2020-03-25 17:45:00 EDT,POINCIANA MEDICAL CENTER,2,1,3
2020-03-25 17:45:00 EDT,SACRED HEART-EMERALD COAST,0,3,3
2020-03-25 17:45:00 EDT,NEW YORK STATE ELR - NORTH SHORE LONG ISLAND JEWISH HEALTH,2,1,3
2020-03-25 17:45:00 EDT,LABCORP BURLINGTON (LPP),0,3,3
2020-03-25 17:45:00 EDT,LABONE LLC DBA QUEST DIAGNOSTICS,2,1,3
2020-03-25 17:45:00 EDT,SOUTH LAKE HOSPITAL,0,3,3
2020-03-25 17:45:00 EDT,QUEST DIAGNOSTICS NICHOLS INSTITUTE- LPP,0,3,3
2020-03-25 17:45:00 EDT,QUEST DIAGNOSTICS-MIAMI,0,3,3
2020-03-25 17:45:00 EDT,HIGHLANDS REGIONAL MEDICAL CENTER,3,0,3
2020-03-25 17:45:00 EDT,SACRED HEART HOSPITAL ON THE GULF,3,0,3
2020-03-25 17:45:00 EDT,ST. ANTHONY'S HOSPITAL,0,2,2
2020-03-25 17:45:00 EDT,PHYSICIANS STAT LAB,0,2,2
2020-03-25 17:45:00 EDT,QUEST DIAGNOSTIC INC,0,2,2
2020-03-25 17:45:00 EDT,ST JOSEPHS NORTH HOSPITAL LAB,2,0,2
2020-03-25 17:45:00 EDT,UNIVERSITY OF MIAMI HOSPITAL & CLINICS,1,1,2
2020-03-25 17:45:00 EDT,QUEST DIAGNOSTICS NICHOLS INSTITUTE - SJC (LPP),1,1,2
2020-03-25 17:45:00 EDT,NEW YORK STATE ELR - QUEST DIAGNOSTICS INCORPORATED,2,0,2
2020-03-25 17:45:00 EDT,NEW YORK STATE ELR - NEW YORK PRESBYTERIAN HOSPITAL CUMC CLINICAL,2,0,2
2020-03-25 17:45:00 EDT,FLORIDA HOSPITAL ZEPHYRHILLS,2,0,2
2020-03-25 17:45:00 EDT,FLORIDA HOSPITAL NORTH PINELLAS,2,0,2
2020-03-25 17:45:00 EDT,MEMORIAL HOSPITAL MICRO,0,2,2
2020-03-25 17:45:00 EDT,MEMORIAL REGIONAL HOSPITAL CLINICAL LABORATORY,0,2,2
2020-03-25 17:45:00 EDT,WHITE WILSON MEDICAL CENTER CLINIC,0,2,2
2020-03-25 17:45:00 EDT,MARTIN MEMORIAL MEDICAL CENTER LAB,0,2,2
2020-03-25 17:45:00 EDT,JACKSON NORTH MEDICAL CENTER,0,2,2
2020-03-25 17:45:00 EDT,AMERICAN ESOTERIC LABORATORIES,0,2,2
2020-03-25 17:45:00 EDT,ORLANDO VAMC,1,1,2
2020-03-25 17:45:00 EDT,LAB CORP,1,1,2
2020-03-25 17:45:00 EDT,ORANGE PARK MEDICAL CENTER,2,0,2
2020-03-25 17:45:00 EDT,ST LUCIE MEDICAL CENTER,1,0,1
2020-03-25 17:45:00 EDT,FL PHL TAMPA,1,0,1
2020-03-25 17:45:00 EDT,GESSLER CLINIC,0,1,1
2020-03-25 17:45:00 EDT,GULF COAST MEDICAL CENTER MICROLAB,0,1,1
2020-03-25 17:45:00 EDT,ENGLEWOOD COMMUNITY HOSPITAL,0,1,1
2020-03-25 17:45:00 EDT,ST PETERSBURG GENERAL HOSPITAL,0,1,1
2020-03-25 17:45:00 EDT,STATE LAB,1,0,1
2020-03-25 17:45:00 EDT,FLORIDA DEPARTMENT OF HEALTH,1,0,1
2020-03-25 17:45:00 EDT,FLAGLER HOSPITAL,0,1,1
2020-03-25 17:45:00 EDT,TAMPA GENERAL HOSPITAL CLINICAL LAB,0,1,1
2020-03-25 17:45:00 EDT,VIERA HOSPITAL,0,1,1
2020-03-25 17:45:00 EDT,AdventHealth Lab,0,1,1
2020-03-25 17:45:00 EDT,BAPTIST HEALTH SOUTH FLORIDA,0,1,1
2020-03-25 17:45:00 EDT,VAMC WEST PALM LAB,0,1,1
2020-03-25 17:45:00 EDT,ADVENTHEALTH TAMPA,0,1,1
2020-03-25 17:45:00 EDT,NCH HEALTHCARE SYSTEM MICROBIOLOGY LAB,0,1,1
2020-03-25 17:45:00 EDT,AZALEA HEALTH,0,1,1
2020-03-25 17:45:00 EDT,AIT LABORATORIES,0,1,1
2020-03-25 17:45:00 EDT,CALIFORNIA PUBLIC HEALTH LABORATORY,0,1,1
2020-03-25 17:45:00 EDT,BLAKE MEDICAL CENTER,0,1,1
2020-03-25 17:45:00 EDT,DOH JACKSONVILLE CENTRAL LABORATORY,1,0,1
2020-03-25 17:45:00 EDT,DOCTORS HOSPITAL OF SARASOTA CLINICAL LABORATORY,0,1,1
2020-03-25 17:45:00 EDT,VA HOSPITAL,0,1,1
2020-03-25 17:45:00 EDT,BAPTIST MEDICAL CENTER - NASSAU,1,0,1
2020-03-25 17:45:00 EDT,UNKNOWN,0,1,1
2020-03-25 17:45:00 EDT,BIOREFERENCE LABORATORIES,1,0,1
2020-03-25 17:45:00 EDT,NEW YORK STATE ELR - NEW YORK CITY DEPARTMENT OF HEALTH & MENTAL,1,0,1
2020-03-25 17:45:00 EDT,NEW YORK STATE ELR - ROCHESTER GENERAL HOSPITAL LABORATORY,1,0,1
2020-03-25 17:45:00 EDT,NICHOLS INSTITUTE QUEST DIAGNOSTICS,0,1,1
2020-03-25 17:45:00 EDT,NEW YORK STATE ELR - MONTEFIORE MEDICAL CENTER LABORATORIES - MOSES,1,0,1
2020-03-25 17:45:00 EDT,MORTON PLANT HOSPITAL/LAB,0,1,1
2020-03-25 17:45:00 EDT,QUEST DIAGNOSTICS WOOD DALE,1,0,1
2020-03-25 17:45:00 EDT,MRHS LAB,0,1,1
2020-03-25 17:45:00 EDT,ORLANDO VA MEDICAL CENTER,0,1,1
2020-03-25 17:45:00 EDT,PALM BAY HOSPITAL,1,0,1
2020-03-25 17:45:00 EDT,PALMETTO GENERAL HOSPITAL LAB,1,0,1
2020-03-25 17:45:00 EDT,ORLANDO REGIONAL MEDICAL CENTER,0,1,1
2020-03-25 17:45:00 EDT,NORTHSIDE HOSPITAL AND HEART INSTITUTE,0,1,1
2020-03-25 17:45:00 EDT,OAK HILL HOSPITAL,0,1,1
2020-03-25 17:45:00 EDT,"QUEST DIAGNOSTIC CLINICAL LABORATORIES, INC",0,1,1
2020-03-25 17:45:00 EDT,QUESTDIAGNOSTICS INCORPORATED,0,1,1
2020-03-25 17:45:00 EDT,PHYSICIANS REGIONAL MEDICAL CENTER - COLLIER BLVD,0,1,1
2020-03-25 17:45:00 EDT,LABCORP PHOENIX,0,1,1
2020-03-25 17:45:00 EDT,LECONTE MEDICAL CENTER LAB,1,0,1
2020-03-25 17:45:00 EDT,SOUTH MIAMI HOSPITAL,0,1,1
2020-03-25 17:45:00 EDT,INDIAN RIVER MEDICAL CENTER LAB,0,1,1
2020-03-25 17:45:00 EDT,INTERCOASTAL MEDICAL GROUP,0,1,1
2020-03-25 17:45:00 EDT,ST JOSEPHS HOSPITAL,0,1,1
2020-03-25 17:45:00 EDT,MEDICAL CENTER OF TRINITY CLINICAL LABORATORY,0,1,1
2020-03-25 17:45:00 EDT,SACRED HEART AT EMERALD COAST,0,1,1
2020-03-25 17:45:00 EDT,MHS LAB,1,0,1
2020-03-25 17:45:00 EDT,MACDILL AIRFORCE BASE MICRO,0,1,1
2020-03-25 17:45:00 EDT,LEESBURG REGIONAL MEDICAL CENTER,0,1,1
2020-03-25 17:45:00 EDT,SEBASTIAN RIVER MEDICAL CENTER,1,0,1
2020-03-25 17:45:00 EDT,SCDHEC BUREAU OF LABORATORIES,0,1,1
2020-03-26 11:07:00 EDT,QUEST DIAGNOSTICS - TAMPA,7552,506,8058
2020-03-26 11:07:00 EDT,LABORATORY CORPORATION OF AMERICA,3843,320,4163
2020-03-26 11:07:00 EDT,MEMORIAL REGIONAL HOSPITAL SOUTH,1487,270,1757
2020-03-26 11:07:00 EDT,BPHL-JACKSONVILLE,1505,179,1684
2020-03-26 11:07:00 EDT,BPHL-MIAMI,1352,243,1595
2020-03-26 11:07:00 EDT,ADVENT HEALTH LAB,1460,127,1587
2020-03-26 11:07:00 EDT,BPHL-TAMPA (SPECTRUM BLVD),1363,178,1541
2020-03-26 11:07:00 EDT,"QUEST DIAGNOSTICS NICHOLS INSTITUTE, INC.",1069,75,1144
2020-03-26 11:07:00 EDT,TAMPA GENERAL HOSPITAL,997,55,1052
2020-03-26 11:07:00 EDT,SHANDS AT THE UNIVERSITY OF FLORIDA,808,39,847
2020-03-26 11:07:00 EDT,"BIO REFERENCE LABORATORIES, INC",729,101,830
2020-03-26 11:07:00 EDT,BAYCARE LABORATORIES LLC,525,24,549
2020-03-26 11:07:00 EDT,BAPTIST HOSPITAL OF MIAMI CLINICAL LABORATORY,332,38,370
2020-03-26 11:07:00 EDT,MAYO CLINIC LABORATORIES,293,15,308
2020-03-26 11:07:00 EDT,SACRED HEART HOSPITAL LABORATORY,231,24,255
2020-03-26 11:07:00 EDT,UNIVERSITY OF MIAMI HOSPITAL,199,52,251
2020-03-26 11:07:00 EDT,QUEST DIAGNOSTICS NICHOLS INSTITUTE - SJC (ELR),193,34,227
2020-03-26 11:07:00 EDT,CLEVELAND CLINIC HOSPITAL LAB,159,35,194
2020-03-26 11:07:00 EDT,ST JOSEPHS HOSPITAL LABORATORY,164,13,177
2020-03-26 11:07:00 EDT,SARASOTA MEMORIAL HOSPITAL MAIN LAB,136,17,153
2020-03-26 11:07:00 EDT,SOUTH MIAMI HOSPITAL LAB,123,23,146
2020-03-26 11:07:00 EDT,NAPLES COMMUNITY HOSPITAL,122,8,130
2020-03-26 11:07:00 EDT,QUEST DIAGNOSTICS NICHOLS INSTITUTE,118,3,121
2020-03-26 11:07:00 EDT,WEST KENDALL BAPTIST HOSPITAL LABORATORY,93,18,111
2020-03-26 11:07:00 EDT,ARUP LABORATORIES,87,10,97
2020-03-26 11:07:00 EDT,VIRACOR-EUROFINS LABORATORIES,68,27,95
2020-03-26 11:07:00 EDT,MORTON PLANT HOSPITAL-ADLER INSTITUTE,76,3,79
2020-03-26 11:07:00 EDT,LAWNWOOD REGIONAL MEDICAL CENTER,65,0,65
2020-03-26 11:07:00 EDT,ST JOSEPHS HOSPITAL SOUTH LABORATORY,62,1,63
2020-03-26 11:07:00 EDT,AVENTURA HOSPITAL LAB,48,9,57
2020-03-26 11:07:00 EDT,WESTSIDE REGIONAL MED CTR,42,14,56
2020-03-26 11:07:00 EDT,JFK MEDICAL CENTER LAB,39,16,55
2020-03-26 11:07:00 EDT,FLORIDA HOSPITAL - TAMPA,47,4,51
2020-03-26 11:07:00 EDT,DOCTORS HOSPITAL,44,6,50
2020-03-26 11:07:00 EDT,ST ANTHONY'S HOSPITAL LAB,45,0,45
2020-03-26 11:07:00 EDT,FLORIDA HOSPITAL WATERMAN LABORATORY,38,2,40
2020-03-26 11:07:00 EDT,WINTER HAVEN HOSPITAL CLINICAL LABORATORY,36,1,37
2020-03-26 11:07:00 EDT,BAPTIST MEDICAL CENTER JACKSONVILLE,36,1,37
2020-03-26 11:07:00 EDT,UNIVERSITY HOSPITAL AND MEDICAL CENTER,33,4,37
2020-03-26 11:07:00 EDT,MERCY HOSPITAL A CAMPUS OF PLANTATION GEN HOSP LAB,21,10,31
2020-03-26 11:07:00 EDT,TALLAHASSEE MEMORIAL HOSPITAL,26,3,29
2020-03-26 11:07:00 EDT,WELLINGTON REGIONAL MED CTR LAB,26,2,28
2020-03-26 11:07:00 EDT,UF PATHLABS,24,1,25
2020-03-26 11:07:00 EDT,CDC,17,7,24
2020-03-26 11:07:00 EDT,BAPTIST HOSPITAL LABORATORY,22,1,23
2020-03-26 11:07:00 EDT,SHANDS JACKSONVILLE MEDICAL CENTER INC,23,0,23
2020-03-26 11:07:00 EDT,HOMESTEAD HOSPITAL CLINICAL LABORATORY,22,1,23
2020-03-26 11:07:00 EDT,NCH NORTH NAPLES HOSPITAL LAB,21,1,22
2020-03-26 11:07:00 EDT,ADVENTHEALTH DAYTONA BEACH,18,4,22
2020-03-26 11:07:00 EDT,CLINICORE LABS,19,1,20
2020-03-26 11:07:00 EDT,OSCEOLA REGIONAL MEDICAL CENTER,19,1,20
2020-03-26 11:07:00 EDT,NICKLAUS CHILDREN'S HOSPITAL,15,2,17
2020-03-26 11:07:00 EDT,QUEST DIAGNOSTICS,11,6,17
2020-03-26 11:07:00 EDT,QUEST,0,17,17
2020-03-26 11:07:00 EDT,ORLANDO HEALTH,0,17,17
2020-03-26 11:07:00 EDT,SACRED HEART HEALTH SYSTEM,0,15,15
2020-03-26 11:07:00 EDT,DELRAY MEDICAL CENTER,13,2,15
2020-03-26 11:07:00 EDT,PLANTATION GENERAL HOSPITAL,15,0,15
2020-03-26 11:07:00 EDT,QUEST DIAGNOSTICS - ATLANTA,15,0,15
2020-03-26 11:07:00 EDT,CENTRAL FLORIDA REGIONAL HOSPITAL,11,4,15
2020-03-26 11:07:00 EDT,DIATHERIX LABORATORIES,1,13,14
2020-03-26 11:07:00 EDT,NORTHWEST MEDICAL CENTER,13,1,14
2020-03-26 11:07:00 EDT,FLORIDA HOSPITAL FISH MEMORIAL,14,0,14
2020-03-26 11:07:00 EDT,TENNESSEE DOH - NASHVILLE,9,4,13
2020-03-26 11:07:00 EDT,JUPITER MEDICAL CENTER LAB,7,6,13
2020-03-26 11:07:00 EDT,Capital Regional Medical Ctr,13,0,13
2020-03-26 11:07:00 EDT,QUEST DIAGNOSTICS - MIRAMAR,1,11,12
2020-03-26 11:07:00 EDT,OVIEDO MEDICAL CENTER,12,0,12
2020-03-26 11:07:00 EDT,FLORIDA HOSPITAL HEARTLAND MED CTR CLINICAL LAB,11,1,12
2020-03-26 11:07:00 EDT,LAKEWOOD RANCH MEDICAL CENTER,9,3,12
2020-03-26 11:07:00 EDT,FLORIDA HOSPITAL WESLEY CHAPEL,11,0,11
2020-03-26 11:07:00 EDT,BAYCARE LAB,0,11,11
2020-03-26 11:07:00 EDT,GULF BREEZE HOSPITAL LAB,10,1,11
2020-03-26 11:07:00 EDT,JACKSON MEMORIAL HOSPITAL CLINICAL LAB,0,11,11
2020-03-26 11:07:00 EDT,NCH NORTHEAST,9,1,10
2020-03-26 11:07:00 EDT,NEMOURS CHILDRENS HOSPITAL,10,0,10
2020-03-26 11:07:00 EDT,BIO COLLECTIONS INC,0,10,10
2020-03-26 11:07:00 EDT,BUREAU OF CLINICAL LABORATORIES,10,0,10
2020-03-26 11:07:00 EDT,FLORIDA HOSPITAL FLAGLER,9,1,10
2020-03-26 11:07:00 EDT,FLORIDA HOSPITAL DELAND,7,2,9
2020-03-26 11:07:00 EDT,LABCORP BURLINGTON (ELR),4,5,9
2020-03-26 11:07:00 EDT,QUEST DIAGNOSTICS - WEST HILLS,9,0,9
2020-03-26 11:07:00 EDT,WEST PALM HOSPITAL LAB,6,3,9
2020-03-26 11:07:00 EDT,FLORIDA HOSPITAL OF CARROLLWOOD,7,1,8
2020-03-26 11:07:00 EDT,MARINERS HOSPITAL,7,1,8
2020-03-26 11:07:00 EDT,BAPTIST MEDICAL CENTER - BEACHES,7,0,7
2020-03-26 11:07:00 EDT,QUEST DIAGNOSTIC,0,7,7
2020-03-26 11:07:00 EDT,UHEALTH CORAL GABLES/LENNAR MED CTR,6,0,6
2020-03-26 11:07:00 EDT,ST VINCENTS - CLAY COUNTY,3,3,6
2020-03-26 11:07:00 EDT,MANATEE MEMORIAL HOSPITAL,6,0,6
2020-03-26 11:07:00 EDT,PALMS WEST HOSPITAL LAB,5,1,6
2020-03-26 11:07:00 EDT,LABONE LLC DBA QUEST DIAGNOSTICS,4,2,6
2020-03-26 11:07:00 EDT,RAULERSON HOSPITAL,6,0,6
2020-03-26 11:07:00 EDT,ORANGE PARK MEDICAL CENTER,5,1,6
2020-03-26 11:07:00 EDT,NCH HEALTHCARE BONITA,5,0,5
2020-03-26 11:07:00 EDT,NEW YORK STATE ELR - DEPARTMENT OF CLINICAL LABS,5,0,5
2020-03-26 11:07:00 EDT,NEW YORK STATE ELR - WADSWORTH HEALTH CENTER,5,0,5
2020-03-26 11:07:00 EDT,VAMC ORLANDO,0,4,4
2020-03-26 11:07:00 EDT,SACRED HEART-EMERALD COAST,0,4,4
2020-03-26 11:07:00 EDT,SOUTH LAKE HOSPITAL,0,4,4
2020-03-26 11:07:00 EDT,NEW YORK STATE ELR - NEW YORK HOSPITAL LABORATORIES,3,1,4
2020-03-26 11:07:00 EDT,PALO ALTO VA MEDICAL CENTER,0,4,4
2020-03-26 11:07:00 EDT,BMHSI-AEL MICROBIOLOGY LABORATORY,3,1,4
2020-03-26 11:07:00 EDT,LABCORP,0,4,4
2020-03-26 11:07:00 EDT,EGLIN AIRFORCE BASE LAB,0,4,4
2020-03-26 11:07:00 EDT,COMMUNITY HEALTH OF SOUTH FLORIDA,0,4,4
2020-03-26 11:07:00 EDT,FLORIDA HOSPITAL ZEPHYRHILLS,4,0,4
2020-03-26 11:07:00 EDT,HOLMES REGIONAL MEDICAL CENTER,3,1,4
2020-03-26 11:07:00 EDT,LABCORP BURLINGTON (LPP),0,4,4
2020-03-26 11:07:00 EDT,ADVENT HEALTH DAYTONA,1,3,4
2020-03-26 11:07:00 EDT,SACRED HEART HOSPITAL ON THE GULF,3,0,3
2020-03-26 11:07:00 EDT,POINCIANA MEDICAL CENTER,2,1,3
2020-03-26 11:07:00 EDT,CAPE CORAL HOSPITAL CLINICAL LABORATORY,0,3,3
2020-03-26 11:07:00 EDT,UNIVERSITY OF MIAMI HOSPITAL & CLINICS,2,1,3
2020-03-26 11:07:00 EDT,USAFSAM/PHE,1,2,3
2020-03-26 11:07:00 EDT,HIGHLANDS REGIONAL MEDICAL CENTER,3,0,3
2020-03-26 11:07:00 EDT,QUEST DIAGNOSTICS NICHOLS INSTITUTE- LPP,0,3,3
2020-03-26 11:07:00 EDT,QUEST DIAGNOSTICS-MIAMI,0,3,3
2020-03-26 11:07:00 EDT,FLORIDA HOSPITAL NORTH PINELLAS,3,0,3
2020-03-26 11:07:00 EDT,"QUEST DIAGNOSTIC CLINICAL LABORATORIES, INC",1,2,3
2020-03-26 11:07:00 EDT,TGH,0,3,3
2020-03-26 11:07:00 EDT,MARTIN MEMORIAL MEDICAL CENTER LAB,0,3,3
2020-03-26 11:07:00 EDT,VA MEDICAL CENTER,0,3,3
2020-03-26 11:07:00 EDT,ST JOSEPHS NORTH HOSPITAL LAB,3,0,3
2020-03-26 11:07:00 EDT,ARUP,0,3,3
2020-03-26 11:07:00 EDT,NEW YORK STATE ELR - NORTH SHORE LONG ISLAND JEWISH HEALTH,2,1,3
2020-03-26 11:07:00 EDT,JACKSON NORTH MEDICAL CENTER,0,2,2
2020-03-26 11:07:00 EDT,LAB CORP,1,1,2
2020-03-26 11:07:00 EDT,PHYSICIANS STAT LAB,0,2,2
2020-03-26 11:07:00 EDT,NEW YORK STATE ELR - NEW YORK PRESBYTERIAN HOSPITAL CUMC CLINICAL,2,0,2
2020-03-26 11:07:00 EDT,QUEST DIAGNOSTICS NICHOLS INSTITUTE - SJC (LPP),1,1,2
2020-03-26 11:07:00 EDT,ST. ANTHONY'S HOSPITAL,0,2,2
2020-03-26 11:07:00 EDT,AMERICAN ESOTERIC LABORATORIES,0,2,2
2020-03-26 11:07:00 EDT,QUEST DIAGNOSTIC INC,0,2,2
2020-03-26 11:07:00 EDT,MEMORIAL REGIONAL HOSPITAL CLINICAL LABORATORY,0,2,2
2020-03-26 11:07:00 EDT,MEMORIAL HOSPITAL MICRO,0,2,2
2020-03-26 11:07:00 EDT,WHITE WILSON MEDICAL CENTER CLINIC,0,2,2
2020-03-26 11:07:00 EDT,ORLANDO VAMC,1,1,2
2020-03-26 11:07:00 EDT,NEW YORK STATE ELR - QUEST DIAGNOSTICS INCORPORATED,2,0,2
2020-03-26 11:07:00 EDT,ST JUDE CHILDREN'S RESEARCH HOSPITAL,1,0,1
2020-03-26 11:07:00 EDT,NCH HEALTHCARE SYSTEM MICROBIOLOGY LAB,0,1,1
2020-03-26 11:07:00 EDT,STATE LAB,1,0,1
2020-03-26 11:07:00 EDT,ST LUCIE MEDICAL CENTER,1,0,1
2020-03-26 11:07:00 EDT,DOCTORS HOSPITAL OF SARASOTA CLINICAL LABORATORY,0,1,1
2020-03-26 11:07:00 EDT,DOH JACKSONVILLE CENTRAL LABORATORY,1,0,1
2020-03-26 11:07:00 EDT,ST PETERSBURG GENERAL HOSPITAL,0,1,1
2020-03-26 11:07:00 EDT,ST JOSEPHS HOSPITAL,0,1,1
2020-03-26 11:07:00 EDT,AdventHealth Lab,0,1,1
2020-03-26 11:07:00 EDT,VA HOSPITAL,0,1,1
2020-03-26 11:07:00 EDT,UNKNOWN,0,1,1
2020-03-26 11:07:00 EDT,VAMC WEST PALM LAB,0,1,1
2020-03-26 11:07:00 EDT,AIT LABORATORIES,0,1,1
2020-03-26 11:07:00 EDT,AZALEA HEALTH,0,1,1
2020-03-26 11:07:00 EDT,VIERA HOSPITAL,0,1,1
2020-03-26 11:07:00 EDT,ADVENTHEALTH TAMPA,0,1,1
2020-03-26 11:07:00 EDT,TAMPA GENERAL HOSPITAL CLINICAL LAB,0,1,1
2020-03-26 11:07:00 EDT,CALIFORNIA PUBLIC HEALTH LABORATORY,0,1,1
2020-03-26 11:07:00 EDT,BLAKE MEDICAL CENTER,0,1,1
2020-03-26 11:07:00 EDT,BAPTIST HEALTH SOUTH FLORIDA,0,1,1
2020-03-26 11:07:00 EDT,BAPTIST MEDICAL CENTER - NASSAU,1,0,1
2020-03-26 11:07:00 EDT,BIOREFERENCE LABORATORIES,1,0,1
2020-03-26 11:07:00 EDT,MEDICAL CENTER OF TRINITY CLINICAL LABORATORY,0,1,1
2020-03-26 11:07:00 EDT,PALM BAY HOSPITAL,1,0,1
2020-03-26 11:07:00 EDT,ORLANDO REGIONAL MEDICAL CENTER,0,1,1
2020-03-26 11:07:00 EDT,ORLANDO VA MEDICAL CENTER,0,1,1
2020-03-26 11:07:00 EDT,LEESBURG REGIONAL MEDICAL CENTER,0,1,1
2020-03-26 11:07:00 EDT,PHYSICIANS REGIONAL MEDICAL CENTER - COLLIER BLVD,0,1,1
2020-03-26 11:07:00 EDT,PALMETTO GENERAL HOSPITAL LAB,1,0,1
2020-03-26 11:07:00 EDT,MACDILL AIRFORCE BASE MICRO,0,1,1
2020-03-26 11:07:00 EDT,OAK HILL HOSPITAL,0,1,1
2020-03-26 11:07:00 EDT,NEW YORK STATE ELR - ROCHESTER GENERAL HOSPITAL LABORATORY,1,0,1
2020-03-26 11:07:00 EDT,MRHS LAB,0,1,1
2020-03-26 11:07:00 EDT,NEW YORK STATE ELR - MONTEFIORE MEDICAL CENTER LABORATORIES - MOSES,1,0,1
2020-03-26 11:07:00 EDT,NEW YORK STATE ELR - NEW YORK CITY DEPARTMENT OF HEALTH & MENTAL,1,0,1
2020-03-26 11:07:00 EDT,NORTHSIDE HOSPITAL AND HEART INSTITUTE,0,1,1
2020-03-26 11:07:00 EDT,MHS LAB,1,0,1
2020-03-26 11:07:00 EDT,NICHOLS INSTITUTE QUEST DIAGNOSTICS,0,1,1
2020-03-26 11:07:00 EDT,MORTON PLANT HOSPITAL/LAB,0,1,1
2020-03-26 11:07:00 EDT,LECONTE MEDICAL CENTER LAB,1,0,1
2020-03-26 11:07:00 EDT,SEBASTIAN RIVER MEDICAL CENTER,1,0,1
2020-03-26 11:07:00 EDT,FLORIDA DEPARTMENT OF HEALTH,1,0,1
2020-03-26 11:07:00 EDT,FLORIDA DEPT OF HEALTH,1,0,1
2020-03-26 11:07:00 EDT,SCDHEC BUREAU OF LABORATORIES,0,1,1
2020-03-26 11:07:00 EDT,ENGLEWOOD COMMUNITY HOSPITAL,0,1,1
2020-03-26 11:07:00 EDT,SOUTH MIAMI HOSPITAL,0,1,1
2020-03-26 11:07:00 EDT,FLAGLER HOSPITAL,0,1,1
2020-03-26 11:07:00 EDT,FL PHL TAMPA,1,0,1
2020-03-26 11:07:00 EDT,FLORIDA HOSPITAL HEARTLAND MED CTR LAKE PLACID,0,1,1
2020-03-26 11:07:00 EDT,INDIAN RIVER MEDICAL CENTER LAB,0,1,1
2020-03-26 11:07:00 EDT,GULF COAST MEDICAL CENTER MICROLAB,0,1,1
2020-03-26 11:07:00 EDT,LABCORP PHOENIX,0,1,1
2020-03-26 11:07:00 EDT,INTERCOASTAL MEDICAL GROUP,0,1,1
2020-03-26 11:07:00 EDT,GESSLER CLINIC,0,1,1
2020-03-26 11:07:00 EDT,SACRED HEART AT EMERALD COAST,0,1,1
2020-03-26 11:07:00 EDT,QUEST DIAGNOSTICS WOOD DALE,1,0,1
2020-03-26 11:07:00 EDT,QUESTDIAGNOSTICS INCORPORATED,0,1,1
2020-03-26 16:59:00 EDT,QUEST DIAGNOSTICS - TAMPA,7552,507,8059
2020-03-26 16:59:00 EDT,LABORATORY CORPORATION OF AMERICA,3843,320,4163
2020-03-26 16:59:00 EDT,BPHL-JACKSONVILLE,1584,189,1773
2020-03-26 16:59:00 EDT,MEMORIAL REGIONAL HOSPITAL SOUTH,1487,270,1757
2020-03-26 16:59:00 EDT,ADVENT HEALTH LAB,1588,140,1728
2020-03-26 16:59:00 EDT,BPHL-MIAMI,1352,243,1595
2020-03-26 16:59:00 EDT,BPHL-TAMPA (SPECTRUM BLVD),1365,178,1543
2020-03-26 16:59:00 EDT,TAMPA GENERAL HOSPITAL,1092,67,1159
2020-03-26 16:59:00 EDT,"QUEST DIAGNOSTICS NICHOLS INSTITUTE, INC.",1071,77,1148
2020-03-26 16:59:00 EDT,"BIO REFERENCE LABORATORIES, INC",975,138,1113
2020-03-26 16:59:00 EDT,SHANDS AT THE UNIVERSITY OF FLORIDA,878,43,921
2020-03-26 16:59:00 EDT,MAYO CLINIC LABORATORIES,711,39,750
2020-03-26 16:59:00 EDT,BAYCARE LABORATORIES LLC,525,24,549
2020-03-26 16:59:00 EDT,BAPTIST HOSPITAL OF MIAMI CLINICAL LABORATORY,332,38,370
2020-03-26 16:59:00 EDT,UNIVERSITY OF MIAMI HOSPITAL,211,52,263
2020-03-26 16:59:00 EDT,SACRED HEART HOSPITAL LABORATORY,231,25,256
2020-03-26 16:59:00 EDT,QUEST DIAGNOSTICS NICHOLS INSTITUTE - SJC (ELR),193,34,227
2020-03-26 16:59:00 EDT,CLEVELAND CLINIC HOSPITAL LAB,159,35,194
2020-03-26 16:59:00 EDT,ST JOSEPHS HOSPITAL LABORATORY,164,14,178
2020-03-26 16:59:00 EDT,NAPLES COMMUNITY HOSPITAL,148,10,158
2020-03-26 16:59:00 EDT,SARASOTA MEMORIAL HOSPITAL MAIN LAB,136,17,153
2020-03-26 16:59:00 EDT,SOUTH MIAMI HOSPITAL LAB,123,23,146
2020-03-26 16:59:00 EDT,QUEST DIAGNOSTICS NICHOLS INSTITUTE,118,3,121
2020-03-26 16:59:00 EDT,FLORIDA HOSPITAL - TAMPA,109,4,113
2020-03-26 16:59:00 EDT,WEST KENDALL BAPTIST HOSPITAL LABORATORY,93,18,111
2020-03-26 16:59:00 EDT,ARUP LABORATORIES,87,10,97
2020-03-26 16:59:00 EDT,VIRACOR-EUROFINS LABORATORIES,68,27,95
2020-03-26 16:59:00 EDT,MORTON PLANT HOSPITAL-ADLER INSTITUTE,76,3,79
2020-03-26 16:59:00 EDT,LAWNWOOD REGIONAL MEDICAL CENTER,65,0,65
2020-03-26 16:59:00 EDT,ST JOSEPHS HOSPITAL SOUTH LABORATORY,62,1,63
2020-03-26 16:59:00 EDT,AVENTURA HOSPITAL LAB,48,9,57
2020-03-26 16:59:00 EDT,WESTSIDE REGIONAL MED CTR,42,14,56
2020-03-26 16:59:00 EDT,JFK MEDICAL CENTER LAB,39,16,55
2020-03-26 16:59:00 EDT,DOCTORS HOSPITAL,44,6,50
2020-03-26 16:59:00 EDT,FLORIDA HOSPITAL WATERMAN LABORATORY,47,2,49
2020-03-26 16:59:00 EDT,ST ANTHONY'S HOSPITAL LAB,45,0,45
2020-03-26 16:59:00 EDT,SHANDS JACKSONVILLE MEDICAL CENTER INC,38,0,38
2020-03-26 16:59:00 EDT,WINTER HAVEN HOSPITAL CLINICAL LABORATORY,36,1,37
2020-03-26 16:59:00 EDT,BAPTIST MEDICAL CENTER JACKSONVILLE,36,1,37
2020-03-26 16:59:00 EDT,UNIVERSITY HOSPITAL AND MEDICAL CENTER,33,4,37
2020-03-26 16:59:00 EDT,WELLINGTON REGIONAL MED CTR LAB,32,3,35
2020-03-26 16:59:00 EDT,ADVENTHEALTH DAYTONA BEACH,29,4,33
2020-03-26 16:59:00 EDT,NCH NORTH NAPLES HOSPITAL LAB,31,1,32
2020-03-26 16:59:00 EDT,MERCY HOSPITAL A CAMPUS OF PLANTATION GEN HOSP LAB,21,10,31
2020-03-26 16:59:00 EDT,TALLAHASSEE MEMORIAL HOSPITAL,27,3,30
2020-03-26 16:59:00 EDT,UF PATHLABS,26,1,27
2020-03-26 16:59:00 EDT,BAPTIST HOSPITAL LABORATORY,23,2,25
2020-03-26 16:59:00 EDT,CDC,17,8,25
2020-03-26 16:59:00 EDT,HOMESTEAD HOSPITAL CLINICAL LABORATORY,22,1,23
2020-03-26 16:59:00 EDT,OSCEOLA REGIONAL MEDICAL CENTER,19,1,20
2020-03-26 16:59:00 EDT,CLINICORE LABS,19,1,20
2020-03-26 16:59:00 EDT,QUEST,0,19,19
2020-03-26 16:59:00 EDT,ORLANDO HEALTH,0,18,18
2020-03-26 16:59:00 EDT,NICKLAUS CHILDREN'S HOSPITAL,15,2,17
2020-03-26 16:59:00 EDT,QUEST DIAGNOSTICS,11,6,17
2020-03-26 16:59:00 EDT,DIATHERIX LABORATORIES,1,16,17
2020-03-26 16:59:00 EDT,SACRED HEART HEALTH SYSTEM,0,16,16
2020-03-26 16:59:00 EDT,NCH NORTHEAST,14,2,16
2020-03-26 16:59:00 EDT,FLORIDA HOSPITAL FISH MEMORIAL,15,1,16
2020-03-26 16:59:00 EDT,CENTRAL FLORIDA REGIONAL HOSPITAL,11,4,15
2020-03-26 16:59:00 EDT,QUEST DIAGNOSTICS - ATLANTA,15,0,15
2020-03-26 16:59:00 EDT,QUEST DIAGNOSTICS - MIRAMAR,1,14,15
2020-03-26 16:59:00 EDT,DELRAY MEDICAL CENTER,13,2,15
2020-03-26 16:59:00 EDT,LAKEWOOD RANCH MEDICAL CENTER,12,3,15
2020-03-26 16:59:00 EDT,PLANTATION GENERAL HOSPITAL,15,0,15
2020-03-26 16:59:00 EDT,LABCORP BURLINGTON (ELR),5,9,14
2020-03-26 16:59:00 EDT,NORTHWEST MEDICAL CENTER,13,1,14
2020-03-26 16:59:00 EDT,TENNESSEE DOH - NASHVILLE,9,4,13
2020-03-26 16:59:00 EDT,Capital Regional Medical Ctr,13,0,13
2020-03-26 16:59:00 EDT,JUPITER MEDICAL CENTER LAB,7,6,13
2020-03-26 16:59:00 EDT,GULF BREEZE HOSPITAL LAB,11,2,13
2020-03-26 16:59:00 EDT,FLORIDA HOSPITAL HEARTLAND MED CTR CLINICAL LAB,12,1,13
2020-03-26 16:59:00 EDT,BAYCARE LAB,0,12,12
2020-03-26 16:59:00 EDT,OVIEDO MEDICAL CENTER,12,0,12
2020-03-26 16:59:00 EDT,FLORIDA HOSPITAL FLAGLER,11,1,12
2020-03-26 16:59:00 EDT,FLORIDA HOSPITAL WESLEY CHAPEL,12,0,12
2020-03-26 16:59:00 EDT,JACKSON MEMORIAL HOSPITAL CLINICAL LAB,0,11,11
2020-03-26 16:59:00 EDT,BIO COLLECTIONS INC,0,10,10
2020-03-26 16:59:00 EDT,BUREAU OF CLINICAL LABORATORIES,10,0,10
2020-03-26 16:59:00 EDT,NEMOURS CHILDRENS HOSPITAL,10,0,10
2020-03-26 16:59:00 EDT,FLORIDA HOSPITAL DELAND,7,2,9
2020-03-26 16:59:00 EDT,QUEST DIAGNOSTICS - WEST HILLS,9,0,9
2020-03-26 16:59:00 EDT,WEST PALM HOSPITAL LAB,6,3,9
2020-03-26 16:59:00 EDT,MARINERS HOSPITAL,7,1,8
2020-03-26 16:59:00 EDT,FLORIDA HOSPITAL OF CARROLLWOOD,7,1,8
2020-03-26 16:59:00 EDT,NCH HEALTHCARE BONITA,7,0,7
2020-03-26 16:59:00 EDT,BAPTIST MEDICAL CENTER - BEACHES,7,0,7
2020-03-26 16:59:00 EDT,QUEST DIAGNOSTIC,0,7,7
2020-03-26 16:59:00 EDT,FLORIDA HOSPITAL NORTH PINELLAS,6,0,6
2020-03-26 16:59:00 EDT,ARUP,0,6,6
2020-03-26 16:59:00 EDT,UHEALTH CORAL GABLES/LENNAR MED CTR,6,0,6
2020-03-26 16:59:00 EDT,RAULERSON HOSPITAL,6,0,6
2020-03-26 16:59:00 EDT,PALMS WEST HOSPITAL LAB,5,1,6
2020-03-26 16:59:00 EDT,ST VINCENTS - CLAY COUNTY,3,3,6
2020-03-26 16:59:00 EDT,MANATEE MEMORIAL HOSPITAL,6,0,6
2020-03-26 16:59:00 EDT,LABONE LLC DBA QUEST DIAGNOSTICS,4,2,6
2020-03-26 16:59:00 EDT,ORANGE PARK MEDICAL CENTER,5,1,6
2020-03-26 16:59:00 EDT,NEW YORK STATE ELR - DEPARTMENT OF CLINICAL LABS,5,0,5
2020-03-26 16:59:00 EDT,NEW YORK STATE ELR - WADSWORTH HEALTH CENTER,5,0,5
2020-03-26 16:59:00 EDT,PALO ALTO VA MEDICAL CENTER,0,5,5
2020-03-26 16:59:00 EDT,EGLIN AIRFORCE BASE LAB,0,5,5
2020-03-26 16:59:00 EDT,QUEST DIAGNOSTICS NICHOLS INSTITUTE- LPP,0,4,4
2020-03-26 16:59:00 EDT,FLORIDA HOSPITAL ZEPHYRHILLS,4,0,4
2020-03-26 16:59:00 EDT,ADVENT HEALTH DAYTONA,1,3,4
2020-03-26 16:59:00 EDT,VAMC ORLANDO,0,4,4
2020-03-26 16:59:00 EDT,BMHSI-AEL MICROBIOLOGY LABORATORY,3,1,4
2020-03-26 16:59:00 EDT,SOUTH LAKE HOSPITAL,0,4,4
2020-03-26 16:59:00 EDT,SACRED HEART-EMERALD COAST,0,4,4
2020-03-26 16:59:00 EDT,LABCORP BURLINGTON (LPP),0,4,4
2020-03-26 16:59:00 EDT,COMMUNITY HEALTH OF SOUTH FLORIDA,0,4,4
2020-03-26 16:59:00 EDT,SACRED HEART HOSPITAL ON THE GULF,4,0,4
2020-03-26 16:59:00 EDT,LABCORP,0,4,4
2020-03-26 16:59:00 EDT,NEW YORK STATE ELR - NEW YORK HOSPITAL LABORATORIES,3,1,4
2020-03-26 16:59:00 EDT,HOLMES REGIONAL MEDICAL CENTER,3,1,4
2020-03-26 16:59:00 EDT,"QUEST DIAGNOSTIC CLINICAL LABORATORIES, INC",1,2,3
2020-03-26 16:59:00 EDT,QUEST DIAGNOSTICS-MIAMI,0,3,3
2020-03-26 16:59:00 EDT,MARTIN MEMORIAL MEDICAL CENTER LAB,0,3,3
2020-03-26 16:59:00 EDT,POINCIANA MEDICAL CENTER,2,1,3
2020-03-26 16:59:00 EDT,ST JOSEPHS NORTH HOSPITAL LAB,3,0,3
2020-03-26 16:59:00 EDT,USAFSAM/PHE,1,2,3
2020-03-26 16:59:00 EDT,UNIVERSITY OF MIAMI HOSPITAL & CLINICS,2,1,3
2020-03-26 16:59:00 EDT,HIGHLANDS REGIONAL MEDICAL CENTER,3,0,3
2020-03-26 16:59:00 EDT,NEW YORK STATE ELR - NORTH SHORE LONG ISLAND JEWISH HEALTH,2,1,3
2020-03-26 16:59:00 EDT,CAPE CORAL HOSPITAL CLINICAL LABORATORY,0,3,3
2020-03-26 16:59:00 EDT,VA MEDICAL CENTER,0,3,3
2020-03-26 16:59:00 EDT,TGH,0,3,3
2020-03-26 16:59:00 EDT,LAB CORP,2,1,3
2020-03-26 16:59:00 EDT,ADVENTHEALTH TAMPA,0,2,2
2020-03-26 16:59:00 EDT,WHITE WILSON MEDICAL CENTER CLINIC,0,2,2
2020-03-26 16:59:00 EDT,AMERICAN ESOTERIC LABORATORIES,0,2,2
2020-03-26 16:59:00 EDT,QUEST DIAGNOSTIC INC,0,2,2
2020-03-26 16:59:00 EDT,QUEST DIAGNOSTICS NICHOLS INSTITUTE - SJC (LPP),1,1,2
2020-03-26 16:59:00 EDT,ST. ANTHONY'S HOSPITAL,0,2,2
2020-03-26 16:59:00 EDT,MEMORIAL REGIONAL HOSPITAL CLINICAL LABORATORY,0,2,2
2020-03-26 16:59:00 EDT,FLORIDA DEPT OF HEALTH,2,0,2
2020-03-26 16:59:00 EDT,JACKSON NORTH MEDICAL CENTER,0,2,2
2020-03-26 16:59:00 EDT,NEW YORK STATE ELR - NEW YORK PRESBYTERIAN HOSPITAL CUMC CLINICAL,2,0,2
2020-03-26 16:59:00 EDT,NEW YORK STATE ELR - QUEST DIAGNOSTICS INCORPORATED,2,0,2
2020-03-26 16:59:00 EDT,MEMORIAL HOSPITAL MICRO,0,2,2
2020-03-26 16:59:00 EDT,ORLANDO VAMC,1,1,2
2020-03-26 16:59:00 EDT,INTEGRATED REGIONAL LABORATORIES LLP,0,2,2
2020-03-26 16:59:00 EDT,PHYSICIANS STAT LAB,0,2,2
2020-03-26 16:59:00 EDT,INTERCOASTAL MEDICAL GROUP,0,1,1
2020-03-26 16:59:00 EDT,INDIAN RIVER MEDICAL CENTER LAB,0,1,1
2020-03-26 16:59:00 EDT,TAMPA GENERAL HOSPITAL CLINICAL LAB,0,1,1
2020-03-26 16:59:00 EDT,UAB,0,1,1
2020-03-26 16:59:00 EDT,BAPTIST HEALTH SOUTH FLORIDA,0,1,1
2020-03-26 16:59:00 EDT,LECONTE MEDICAL CENTER LAB,1,0,1
2020-03-26 16:59:00 EDT,LABCORP PHOENIX,0,1,1
2020-03-26 16:59:00 EDT,ST LUCIE MEDICAL CENTER,1,0,1
2020-03-26 16:59:00 EDT,ST PETERSBURG GENERAL HOSPITAL,0,1,1
2020-03-26 16:59:00 EDT,SUNRISE MEDICAL LABORATORIES,0,1,1
2020-03-26 16:59:00 EDT,DOCTORS HOSPITAL OF SARASOTA CLINICAL LABORATORY,0,1,1
2020-03-26 16:59:00 EDT,STATE LAB,1,0,1
2020-03-26 16:59:00 EDT,STEWARD REFERENCE LABORATORY,0,1,1
2020-03-26 16:59:00 EDT,AIT LABORATORIES,0,1,1
2020-03-26 16:59:00 EDT,FLORIDA DEPARTMENT OF HEALTH,1,0,1
2020-03-26 16:59:00 EDT,VIERA HOSPITAL,0,1,1
2020-03-26 16:59:00 EDT,FLORIDA HOSPITAL HEARTLAND MED CTR LAKE PLACID,0,1,1
2020-03-26 16:59:00 EDT,FL PHL TAMPA,1,0,1
2020-03-26 16:59:00 EDT,ENGLEWOOD COMMUNITY HOSPITAL,0,1,1
2020-03-26 16:59:00 EDT,WEST VIRGINIA UNIVERSITY HOSPITALS,0,1,1
2020-03-26 16:59:00 EDT,FLAGLER HOSPITAL,0,1,1
2020-03-26 16:59:00 EDT,VAMC WEST PALM LAB,0,1,1
2020-03-26 16:59:00 EDT,HALIFAX MEDICAL CENTER LAB,0,1,1
2020-03-26 16:59:00 EDT,UNKNOWN,0,1,1
2020-03-26 16:59:00 EDT,AdventHealth Lab,0,1,1
2020-03-26 16:59:00 EDT,AZALEA HEALTH,0,1,1
2020-03-26 16:59:00 EDT,GESSLER CLINIC,0,1,1
2020-03-26 16:59:00 EDT,DOH JACKSONVILLE CENTRAL LABORATORY,1,0,1
2020-03-26 16:59:00 EDT,GULF COAST MEDICAL CENTER MICROLAB,0,1,1
2020-03-26 16:59:00 EDT,VA HOSPITAL,0,1,1
2020-03-26 16:59:00 EDT,NEW YORK STATE ELR - NEW YORK CITY DEPARTMENT OF HEALTH & MENTAL,1,0,1
2020-03-26 16:59:00 EDT,QUEST DIAGNOSTICS WOOD DALE,1,0,1
2020-03-26 16:59:00 EDT,CALIFORNIA PUBLIC HEALTH LABORATORY,0,1,1
2020-03-26 16:59:00 EDT,NEW YORK STATE ELR - ROCHESTER GENERAL HOSPITAL LABORATORY,1,0,1
2020-03-26 16:59:00 EDT,NCH HEALTHCARE SYSTEM MICROBIOLOGY LAB,0,1,1
2020-03-26 16:59:00 EDT,SACRED HEART AT EMERALD COAST,0,1,1
2020-03-26 16:59:00 EDT,NEW YORK STATE ELR - MONTEFIORE MEDICAL CENTER LABORATORIES - MOSES,1,0,1
2020-03-26 16:59:00 EDT,QUESTDIAGNOSTICS INCORPORATED,0,1,1
2020-03-26 16:59:00 EDT,PALM BAY HOSPITAL,1,0,1
2020-03-26 16:59:00 EDT,ORLANDO VA MEDICAL CENTER,0,1,1
2020-03-26 16:59:00 EDT,PHYSICIANS REGIONAL MEDICAL CENTER - COLLIER BLVD,0,1,1
2020-03-26 16:59:00 EDT,PALMETTO GENERAL HOSPITAL LAB,1,0,1
2020-03-26 16:59:00 EDT,NORTHSIDE HOSPITAL AND HEART INSTITUTE,0,1,1
2020-03-26 16:59:00 EDT,NICHOLS INSTITUTE QUEST DIAGNOSTICS,0,1,1
2020-03-26 16:59:00 EDT,ORLANDO REGIONAL MEDICAL CENTER,0,1,1
2020-03-26 16:59:00 EDT,OAK HILL HOSPITAL,0,1,1
2020-03-26 16:59:00 EDT,MRHS LAB,0,1,1
2020-03-26 16:59:00 EDT,BAPTIST MEDICAL CENTER - NASSAU,1,0,1
2020-03-26 16:59:00 EDT,ST JOSEPHS HOSPITAL,0,1,1
2020-03-26 16:59:00 EDT,MEDICAL CENTER OF TRINITY CLINICAL LABORATORY,0,1,1
2020-03-26 16:59:00 EDT,SOUTH MIAMI HOSPITAL,0,1,1
2020-03-26 16:59:00 EDT,LEESBURG REGIONAL MEDICAL CENTER,0,1,1
2020-03-26 16:59:00 EDT,ST JUDE CHILDREN'S RESEARCH HOSPITAL,1,0,1
2020-03-26 16:59:00 EDT,MACDILL AIRFORCE BASE MICRO,0,1,1
2020-03-26 16:59:00 EDT,MACDILL AFB HOSPITAL,0,1,1
2020-03-26 16:59:00 EDT,SACRED HEART LABORATORY AT PENSACOLA,0,1,1
2020-03-26 16:59:00 EDT,MHS LAB,1,0,1
2020-03-26 16:59:00 EDT,BLAKE MEDICAL CENTER,0,1,1
2020-03-26 16:59:00 EDT,MORTON PLANT HOSPITAL/LAB,0,1,1
2020-03-26 16:59:00 EDT,SEBASTIAN RIVER MEDICAL CENTER,1,0,1
2020-03-26 16:59:00 EDT,BAYCARE OUTREACH LABORATORY,0,1,1
2020-03-26 16:59:00 EDT,BIOREFERENCE LABORATORIES,1,0,1
2020-03-26 16:59:00 EDT,SCDHEC BUREAU OF LABORATORIES,0,1,1
2020-03-26 18:23:00 EDT,QUEST DIAGNOSTICS - TAMPA,7552,507,8059
2020-03-26 18:23:00 EDT,LABORATORY CORPORATION OF AMERICA,3843,320,4163
2020-03-26 18:23:00 EDT,BPHL-JACKSONVILLE,1584,189,1773
2020-03-26 18:23:00 EDT,MEMORIAL REGIONAL HOSPITAL SOUTH,1487,270,1757
2020-03-26 18:23:00 EDT,ADVENT HEALTH LAB,1588,140,1728
2020-03-26 18:23:00 EDT,BPHL-MIAMI,1352,243,1595
2020-03-26 18:23:00 EDT,BPHL-TAMPA (SPECTRUM BLVD),1365,178,1543
2020-03-26 18:23:00 EDT,TAMPA GENERAL HOSPITAL,1092,67,1159
2020-03-26 18:23:00 EDT,"QUEST DIAGNOSTICS NICHOLS INSTITUTE, INC.",1071,77,1148
2020-03-26 18:23:00 EDT,"BIO REFERENCE LABORATORIES, INC",975,138,1113
2020-03-26 18:23:00 EDT,SHANDS AT THE UNIVERSITY OF FLORIDA,878,43,921
2020-03-26 18:23:00 EDT,MAYO CLINIC LABORATORIES,711,39,750
2020-03-26 18:23:00 EDT,BAYCARE LABORATORIES LLC,525,24,549
2020-03-26 18:23:00 EDT,BAPTIST HOSPITAL OF MIAMI CLINICAL LABORATORY,332,38,370
2020-03-26 18:23:00 EDT,UNIVERSITY OF MIAMI HOSPITAL,211,52,263
2020-03-26 18:23:00 EDT,SACRED HEART HOSPITAL LABORATORY,231,25,256
2020-03-26 18:23:00 EDT,QUEST DIAGNOSTICS NICHOLS INSTITUTE - SJC (ELR),193,34,227
2020-03-26 18:23:00 EDT,CLEVELAND CLINIC HOSPITAL LAB,159,35,194
2020-03-26 18:23:00 EDT,ST JOSEPHS HOSPITAL LABORATORY,164,14,178
2020-03-26 18:23:00 EDT,NAPLES COMMUNITY HOSPITAL,148,10,158
2020-03-26 18:23:00 EDT,SARASOTA MEMORIAL HOSPITAL MAIN LAB,136,17,153
2020-03-26 18:23:00 EDT,SOUTH MIAMI HOSPITAL LAB,123,23,146
2020-03-26 18:23:00 EDT,QUEST DIAGNOSTICS NICHOLS INSTITUTE,118,3,121
2020-03-26 18:23:00 EDT,FLORIDA HOSPITAL - TAMPA,109,4,113
2020-03-26 18:23:00 EDT,WEST KENDALL BAPTIST HOSPITAL LABORATORY,93,18,111
2020-03-26 18:23:00 EDT,ARUP LABORATORIES,87,10,97
2020-03-26 18:23:00 EDT,VIRACOR-EUROFINS LABORATORIES,68,27,95
2020-03-26 18:23:00 EDT,MORTON PLANT HOSPITAL-ADLER INSTITUTE,76,3,79
2020-03-26 18:23:00 EDT,LAWNWOOD REGIONAL MEDICAL CENTER,65,0,65
2020-03-26 18:23:00 EDT,ST JOSEPHS HOSPITAL SOUTH LABORATORY,62,1,63
2020-03-26 18:23:00 EDT,AVENTURA HOSPITAL LAB,48,9,57
2020-03-26 18:23:00 EDT,WESTSIDE REGIONAL MED CTR,42,14,56
2020-03-26 18:23:00 EDT,JFK MEDICAL CENTER LAB,39,16,55
2020-03-26 18:23:00 EDT,DOCTORS HOSPITAL,44,6,50
2020-03-26 18:23:00 EDT,FLORIDA HOSPITAL WATERMAN LABORATORY,47,2,49
2020-03-26 18:23:00 EDT,ST ANTHONY'S HOSPITAL LAB,45,0,45
2020-03-26 18:23:00 EDT,SHANDS JACKSONVILLE MEDICAL CENTER INC,38,0,38
2020-03-26 18:23:00 EDT,WINTER HAVEN HOSPITAL CLINICAL LABORATORY,36,1,37
2020-03-26 18:23:00 EDT,BAPTIST MEDICAL CENTER JACKSONVILLE,36,1,37
2020-03-26 18:23:00 EDT,UNIVERSITY HOSPITAL AND MEDICAL CENTER,33,4,37
2020-03-26 18:23:00 EDT,WELLINGTON REGIONAL MED CTR LAB,32,3,35
2020-03-26 18:23:00 EDT,ADVENTHEALTH DAYTONA BEACH,29,4,33
2020-03-26 18:23:00 EDT,NCH NORTH NAPLES HOSPITAL LAB,31,1,32
2020-03-26 18:23:00 EDT,MERCY HOSPITAL A CAMPUS OF PLANTATION GEN HOSP LAB,21,10,31
2020-03-26 18:23:00 EDT,TALLAHASSEE MEMORIAL HOSPITAL,27,3,30
2020-03-26 18:23:00 EDT,UF PATHLABS,26,1,27
2020-03-26 18:23:00 EDT,BAPTIST HOSPITAL LABORATORY,23,2,25
2020-03-26 18:23:00 EDT,CDC,17,8,25
2020-03-26 18:23:00 EDT,HOMESTEAD HOSPITAL CLINICAL LABORATORY,22,1,23
2020-03-26 18:23:00 EDT,OSCEOLA REGIONAL MEDICAL CENTER,19,1,20
2020-03-26 18:23:00 EDT,CLINICORE LABS,19,1,20
2020-03-26 18:23:00 EDT,QUEST,0,19,19
2020-03-26 18:23:00 EDT,ORLANDO HEALTH,0,18,18
2020-03-26 18:23:00 EDT,NICKLAUS CHILDREN'S HOSPITAL,15,2,17
2020-03-26 18:23:00 EDT,QUEST DIAGNOSTICS,11,6,17
2020-03-26 18:23:00 EDT,DIATHERIX LABORATORIES,1,16,17
2020-03-26 18:23:00 EDT,SACRED HEART HEALTH SYSTEM,0,16,16
2020-03-26 18:23:00 EDT,NCH NORTHEAST,14,2,16
2020-03-26 18:23:00 EDT,FLORIDA HOSPITAL FISH MEMORIAL,15,1,16
2020-03-26 18:23:00 EDT,CENTRAL FLORIDA REGIONAL HOSPITAL,11,4,15
2020-03-26 18:23:00 EDT,QUEST DIAGNOSTICS - ATLANTA,15,0,15
2020-03-26 18:23:00 EDT,QUEST DIAGNOSTICS - MIRAMAR,1,14,15
2020-03-26 18:23:00 EDT,DELRAY MEDICAL CENTER,13,2,15
2020-03-26 18:23:00 EDT,LAKEWOOD RANCH MEDICAL CENTER,12,3,15
2020-03-26 18:23:00 EDT,PLANTATION GENERAL HOSPITAL,15,0,15
2020-03-26 18:23:00 EDT,LABCORP BURLINGTON (ELR),5,9,14
2020-03-26 18:23:00 EDT,NORTHWEST MEDICAL CENTER,13,1,14
2020-03-26 18:23:00 EDT,TENNESSEE DOH - NASHVILLE,9,4,13
2020-03-26 18:23:00 EDT,Capital Regional Medical Ctr,13,0,13
2020-03-26 18:23:00 EDT,JUPITER MEDICAL CENTER LAB,7,6,13
2020-03-26 18:23:00 EDT,GULF BREEZE HOSPITAL LAB,11,2,13
2020-03-26 18:23:00 EDT,FLORIDA HOSPITAL HEARTLAND MED CTR CLINICAL LAB,12,1,13
2020-03-26 18:23:00 EDT,BAYCARE LAB,0,12,12
2020-03-26 18:23:00 EDT,OVIEDO MEDICAL CENTER,12,0,12
2020-03-26 18:23:00 EDT,FLORIDA HOSPITAL FLAGLER,11,1,12
2020-03-26 18:23:00 EDT,FLORIDA HOSPITAL WESLEY CHAPEL,12,0,12
2020-03-26 18:23:00 EDT,JACKSON MEMORIAL HOSPITAL CLINICAL LAB,0,11,11
2020-03-26 18:23:00 EDT,BIO COLLECTIONS INC,0,10,10
2020-03-26 18:23:00 EDT,BUREAU OF CLINICAL LABORATORIES,10,0,10
2020-03-26 18:23:00 EDT,NEMOURS CHILDRENS HOSPITAL,10,0,10
2020-03-26 18:23:00 EDT,FLORIDA HOSPITAL DELAND,7,2,9
2020-03-26 18:23:00 EDT,QUEST DIAGNOSTICS - WEST HILLS,9,0,9
2020-03-26 18:23:00 EDT,WEST PALM HOSPITAL LAB,6,3,9
2020-03-26 18:23:00 EDT,MARINERS HOSPITAL,7,1,8
2020-03-26 18:23:00 EDT,FLORIDA HOSPITAL OF CARROLLWOOD,7,1,8
2020-03-26 18:23:00 EDT,NCH HEALTHCARE BONITA,7,0,7
2020-03-26 18:23:00 EDT,BAPTIST MEDICAL CENTER - BEACHES,7,0,7
2020-03-26 18:23:00 EDT,QUEST DIAGNOSTIC,0,7,7
2020-03-26 18:23:00 EDT,FLORIDA HOSPITAL NORTH PINELLAS,6,0,6
2020-03-26 18:23:00 EDT,ARUP,0,6,6
2020-03-26 18:23:00 EDT,UHEALTH CORAL GABLES/LENNAR MED CTR,6,0,6
2020-03-26 18:23:00 EDT,RAULERSON HOSPITAL,6,0,6
2020-03-26 18:23:00 EDT,PALMS WEST HOSPITAL LAB,5,1,6
2020-03-26 18:23:00 EDT,ST VINCENTS - CLAY COUNTY,3,3,6
2020-03-26 18:23:00 EDT,MANATEE MEMORIAL HOSPITAL,6,0,6
2020-03-26 18:23:00 EDT,LABONE LLC DBA QUEST DIAGNOSTICS,4,2,6
2020-03-26 18:23:00 EDT,ORANGE PARK MEDICAL CENTER,5,1,6
2020-03-26 18:23:00 EDT,NEW YORK STATE ELR - DEPARTMENT OF CLINICAL LABS,5,0,5
2020-03-26 18:23:00 EDT,NEW YORK STATE ELR - WADSWORTH HEALTH CENTER,5,0,5
2020-03-26 18:23:00 EDT,PALO ALTO VA MEDICAL CENTER,0,5,5
2020-03-26 18:23:00 EDT,EGLIN AIRFORCE BASE LAB,0,5,5
2020-03-26 18:23:00 EDT,QUEST DIAGNOSTICS NICHOLS INSTITUTE- LPP,0,4,4
2020-03-26 18:23:00 EDT,FLORIDA HOSPITAL ZEPHYRHILLS,4,0,4
2020-03-26 18:23:00 EDT,ADVENT HEALTH DAYTONA,1,3,4
2020-03-26 18:23:00 EDT,VAMC ORLANDO,0,4,4
2020-03-26 18:23:00 EDT,BMHSI-AEL MICROBIOLOGY LABORATORY,3,1,4
2020-03-26 18:23:00 EDT,SOUTH LAKE HOSPITAL,0,4,4
2020-03-26 18:23:00 EDT,SACRED HEART-EMERALD COAST,0,4,4
2020-03-26 18:23:00 EDT,LABCORP BURLINGTON (LPP),0,4,4
2020-03-26 18:23:00 EDT,COMMUNITY HEALTH OF SOUTH FLORIDA,0,4,4
2020-03-26 18:23:00 EDT,SACRED HEART HOSPITAL ON THE GULF,4,0,4
2020-03-26 18:23:00 EDT,LABCORP,0,4,4
2020-03-26 18:23:00 EDT,NEW YORK STATE ELR - NEW YORK HOSPITAL LABORATORIES,3,1,4
2020-03-26 18:23:00 EDT,HOLMES REGIONAL MEDICAL CENTER,3,1,4
2020-03-26 18:23:00 EDT,"QUEST DIAGNOSTIC CLINICAL LABORATORIES, INC",1,2,3
2020-03-26 18:23:00 EDT,QUEST DIAGNOSTICS-MIAMI,0,3,3
2020-03-26 18:23:00 EDT,MARTIN MEMORIAL MEDICAL CENTER LAB,0,3,3
2020-03-26 18:23:00 EDT,POINCIANA MEDICAL CENTER,2,1,3
2020-03-26 18:23:00 EDT,ST JOSEPHS NORTH HOSPITAL LAB,3,0,3
2020-03-26 18:23:00 EDT,USAFSAM/PHE,1,2,3
2020-03-26 18:23:00 EDT,UNIVERSITY OF MIAMI HOSPITAL & CLINICS,2,1,3
2020-03-26 18:23:00 EDT,HIGHLANDS REGIONAL MEDICAL CENTER,3,0,3
2020-03-26 18:23:00 EDT,NEW YORK STATE ELR - NORTH SHORE LONG ISLAND JEWISH HEALTH,2,1,3
2020-03-26 18:23:00 EDT,CAPE CORAL HOSPITAL CLINICAL LABORATORY,0,3,3
2020-03-26 18:23:00 EDT,VA MEDICAL CENTER,0,3,3
2020-03-26 18:23:00 EDT,TGH,0,3,3
2020-03-26 18:23:00 EDT,LAB CORP,2,1,3
2020-03-26 18:23:00 EDT,ADVENTHEALTH TAMPA,0,2,2
2020-03-26 18:23:00 EDT,WHITE WILSON MEDICAL CENTER CLINIC,0,2,2
2020-03-26 18:23:00 EDT,AMERICAN ESOTERIC LABORATORIES,0,2,2
2020-03-26 18:23:00 EDT,QUEST DIAGNOSTIC INC,0,2,2
2020-03-26 18:23:00 EDT,QUEST DIAGNOSTICS NICHOLS INSTITUTE - SJC (LPP),1,1,2
2020-03-26 18:23:00 EDT,ST. ANTHONY'S HOSPITAL,0,2,2
2020-03-26 18:23:00 EDT,MEMORIAL REGIONAL HOSPITAL CLINICAL LABORATORY,0,2,2
2020-03-26 18:23:00 EDT,FLORIDA DEPT OF HEALTH,2,0,2
2020-03-26 18:23:00 EDT,JACKSON NORTH MEDICAL CENTER,0,2,2
2020-03-26 18:23:00 EDT,NEW YORK STATE ELR - NEW YORK PRESBYTERIAN HOSPITAL CUMC CLINICAL,2,0,2
2020-03-26 18:23:00 EDT,NEW YORK STATE ELR - QUEST DIAGNOSTICS INCORPORATED,2,0,2
2020-03-26 18:23:00 EDT,MEMORIAL HOSPITAL MICRO,0,2,2
2020-03-26 18:23:00 EDT,ORLANDO VAMC,1,1,2
2020-03-26 18:23:00 EDT,INTEGRATED REGIONAL LABORATORIES LLP,0,2,2
2020-03-26 18:23:00 EDT,PHYSICIANS STAT LAB,0,2,2
2020-03-26 18:23:00 EDT,INTERCOASTAL MEDICAL GROUP,0,1,1
2020-03-26 18:23:00 EDT,INDIAN RIVER MEDICAL CENTER LAB,0,1,1
2020-03-26 18:23:00 EDT,TAMPA GENERAL HOSPITAL CLINICAL LAB,0,1,1
2020-03-26 18:23:00 EDT,UAB,0,1,1
2020-03-26 18:23:00 EDT,BAPTIST HEALTH SOUTH FLORIDA,0,1,1
2020-03-26 18:23:00 EDT,LECONTE MEDICAL CENTER LAB,1,0,1
2020-03-26 18:23:00 EDT,LABCORP PHOENIX,0,1,1
2020-03-26 18:23:00 EDT,ST LUCIE MEDICAL CENTER,1,0,1
2020-03-26 18:23:00 EDT,ST PETERSBURG GENERAL HOSPITAL,0,1,1
2020-03-26 18:23:00 EDT,SUNRISE MEDICAL LABORATORIES,0,1,1
2020-03-26 18:23:00 EDT,DOCTORS HOSPITAL OF SARASOTA CLINICAL LABORATORY,0,1,1
2020-03-26 18:23:00 EDT,STATE LAB,1,0,1
2020-03-26 18:23:00 EDT,STEWARD REFERENCE LABORATORY,0,1,1
2020-03-26 18:23:00 EDT,AIT LABORATORIES,0,1,1
2020-03-26 18:23:00 EDT,FLORIDA DEPARTMENT OF HEALTH,1,0,1
2020-03-26 18:23:00 EDT,VIERA HOSPITAL,0,1,1
2020-03-26 18:23:00 EDT,FLORIDA HOSPITAL HEARTLAND MED CTR LAKE PLACID,0,1,1
2020-03-26 18:23:00 EDT,FL PHL TAMPA,1,0,1
2020-03-26 18:23:00 EDT,ENGLEWOOD COMMUNITY HOSPITAL,0,1,1
2020-03-26 18:23:00 EDT,WEST VIRGINIA UNIVERSITY HOSPITALS,0,1,1
2020-03-26 18:23:00 EDT,FLAGLER HOSPITAL,0,1,1
2020-03-26 18:23:00 EDT,VAMC WEST PALM LAB,0,1,1
2020-03-26 18:23:00 EDT,HALIFAX MEDICAL CENTER LAB,0,1,1
2020-03-26 18:23:00 EDT,UNKNOWN,0,1,1
2020-03-26 18:23:00 EDT,AdventHealth Lab,0,1,1
2020-03-26 18:23:00 EDT,AZALEA HEALTH,0,1,1
2020-03-26 18:23:00 EDT,GESSLER CLINIC,0,1,1
2020-03-26 18:23:00 EDT,DOH JACKSONVILLE CENTRAL LABORATORY,1,0,1
2020-03-26 18:23:00 EDT,GULF COAST MEDICAL CENTER MICROLAB,0,1,1
2020-03-26 18:23:00 EDT,VA HOSPITAL,0,1,1
2020-03-26 18:23:00 EDT,NEW YORK STATE ELR - NEW YORK CITY DEPARTMENT OF HEALTH & MENTAL,1,0,1
2020-03-26 18:23:00 EDT,QUEST DIAGNOSTICS WOOD DALE,1,0,1
2020-03-26 18:23:00 EDT,CALIFORNIA PUBLIC HEALTH LABORATORY,0,1,1
2020-03-26 18:23:00 EDT,NEW YORK STATE ELR - ROCHESTER GENERAL HOSPITAL LABORATORY,1,0,1
2020-03-26 18:23:00 EDT,NCH HEALTHCARE SYSTEM MICROBIOLOGY LAB,0,1,1
2020-03-26 18:23:00 EDT,SACRED HEART AT EMERALD COAST,0,1,1
2020-03-26 18:23:00 EDT,NEW YORK STATE ELR - MONTEFIORE MEDICAL CENTER LABORATORIES - MOSES,1,0,1
2020-03-26 18:23:00 EDT,QUESTDIAGNOSTICS INCORPORATED,0,1,1
2020-03-26 18:23:00 EDT,PALM BAY HOSPITAL,1,0,1
2020-03-26 18:23:00 EDT,ORLANDO VA MEDICAL CENTER,0,1,1
2020-03-26 18:23:00 EDT,PHYSICIANS REGIONAL MEDICAL CENTER - COLLIER BLVD,0,1,1
2020-03-26 18:23:00 EDT,PALMETTO GENERAL HOSPITAL LAB,1,0,1
2020-03-26 18:23:00 EDT,NORTHSIDE HOSPITAL AND HEART INSTITUTE,0,1,1
2020-03-26 18:23:00 EDT,NICHOLS INSTITUTE QUEST DIAGNOSTICS,0,1,1
2020-03-26 18:23:00 EDT,ORLANDO REGIONAL MEDICAL CENTER,0,1,1
2020-03-26 18:23:00 EDT,OAK HILL HOSPITAL,0,1,1
2020-03-26 18:23:00 EDT,MRHS LAB,0,1,1
2020-03-26 18:23:00 EDT,BAPTIST MEDICAL CENTER - NASSAU,1,0,1
2020-03-26 18:23:00 EDT,ST JOSEPHS HOSPITAL,0,1,1
2020-03-26 18:23:00 EDT,MEDICAL CENTER OF TRINITY CLINICAL LABORATORY,0,1,1
2020-03-26 18:23:00 EDT,SOUTH MIAMI HOSPITAL,0,1,1
2020-03-26 18:23:00 EDT,LEESBURG REGIONAL MEDICAL CENTER,0,1,1
2020-03-26 18:23:00 EDT,ST JUDE CHILDREN'S RESEARCH HOSPITAL,1,0,1
2020-03-26 18:23:00 EDT,MACDILL AIRFORCE BASE MICRO,0,1,1
2020-03-26 18:23:00 EDT,MACDILL AFB HOSPITAL,0,1,1
2020-03-26 18:23:00 EDT,SACRED HEART LABORATORY AT PENSACOLA,0,1,1
2020-03-26 18:23:00 EDT,MHS LAB,1,0,1
2020-03-26 18:23:00 EDT,BLAKE MEDICAL CENTER,0,1,1
2020-03-26 18:23:00 EDT,MORTON PLANT HOSPITAL/LAB,0,1,1
2020-03-26 18:23:00 EDT,SEBASTIAN RIVER MEDICAL CENTER,1,0,1
2020-03-26 18:23:00 EDT,BAYCARE OUTREACH LABORATORY,0,1,1
2020-03-26 18:23:00 EDT,BIOREFERENCE LABORATORIES,1,0,1
2020-03-26 18:23:00 EDT,SCDHEC BUREAU OF LABORATORIES,0,1,1
2020-03-27 10:26:00 EDT,QUEST DIAGNOSTICS - TAMPA,9121,684,9805
2020-03-27 10:26:00 EDT,LABORATORY CORPORATION OF AMERICA,3843,320,4163
2020-03-27 10:26:00 EDT,ADVENT HEALTH LAB,1896,174,2070
2020-03-27 10:26:00 EDT,MEMORIAL REGIONAL HOSPITAL SOUTH,1659,303,1962
2020-03-27 10:26:00 EDT,BPHL-JACKSONVILLE,1722,219,1941
2020-03-27 10:26:00 EDT,"QUEST DIAGNOSTICS NICHOLS INSTITUTE, INC.",1738,124,1862
2020-03-27 10:26:00 EDT,BPHL-MIAMI,1446,277,1723
2020-03-27 10:26:00 EDT,BPHL-TAMPA (SPECTRUM BLVD),1445,188,1633
2020-03-27 10:26:00 EDT,TAMPA GENERAL HOSPITAL,1219,73,1292
2020-03-27 10:26:00 EDT,SHANDS AT THE UNIVERSITY OF FLORIDA,1182,52,1234
2020-03-27 10:26:00 EDT,"BIO REFERENCE LABORATORIES, INC",975,138,1113
2020-03-27 10:26:00 EDT,MAYO CLINIC LABORATORIES,711,44,755
2020-03-27 10:26:00 EDT,BAYCARE LABORATORIES LLC,632,32,664
2020-03-27 10:26:00 EDT,BAPTIST HOSPITAL OF MIAMI CLINICAL LABORATORY,500,60,560
2020-03-27 10:26:00 EDT,SACRED HEART HOSPITAL LABORATORY,353,27,380
2020-03-27 10:26:00 EDT,UNIVERSITY OF MIAMI HOSPITAL,227,58,285
2020-03-27 10:26:00 EDT,CLEVELAND CLINIC HOSPITAL LAB,192,41,233
2020-03-27 10:26:00 EDT,QUEST DIAGNOSTICS NICHOLS INSTITUTE - SJC (ELR),194,36,230
2020-03-27 10:26:00 EDT,ST JOSEPHS HOSPITAL LABORATORY,176,14,190
2020-03-27 10:26:00 EDT,SOUTH MIAMI HOSPITAL LAB,140,25,165
2020-03-27 10:26:00 EDT,WEST KENDALL BAPTIST HOSPITAL LABORATORY,133,27,160
2020-03-27 10:26:00 EDT,NAPLES COMMUNITY HOSPITAL,148,10,158
2020-03-27 10:26:00 EDT,SARASOTA MEMORIAL HOSPITAL MAIN LAB,136,17,153
2020-03-27 10:26:00 EDT,QUEST DIAGNOSTICS NICHOLS INSTITUTE,118,3,121
2020-03-27 10:26:00 EDT,FLORIDA HOSPITAL - TAMPA,113,5,118
2020-03-27 10:26:00 EDT,FLORIDA HOSPITAL WATERMAN LABORATORY,101,3,104
2020-03-27 10:26:00 EDT,ARUP LABORATORIES,87,10,97
2020-03-27 10:26:00 EDT,VIRACOR-EUROFINS LABORATORIES,68,29,97
2020-03-27 10:26:00 EDT,DOCTORS HOSPITAL,77,18,95
2020-03-27 10:26:00 EDT,MORTON PLANT HOSPITAL-ADLER INSTITUTE,83,3,86
2020-03-27 10:26:00 EDT,ST JOSEPHS HOSPITAL SOUTH LABORATORY,64,1,65
2020-03-27 10:26:00 EDT,LAWNWOOD REGIONAL MEDICAL CENTER,65,0,65
2020-03-27 10:26:00 EDT,BAPTIST MEDICAL CENTER JACKSONVILLE,57,3,60
2020-03-27 10:26:00 EDT,HOMESTEAD HOSPITAL CLINICAL LABORATORY,53,5,58
2020-03-27 10:26:00 EDT,AVENTURA HOSPITAL LAB,48,9,57
2020-03-27 10:26:00 EDT,WESTSIDE REGIONAL MED CTR,42,14,56
2020-03-27 10:26:00 EDT,JFK MEDICAL CENTER LAB,39,16,55
2020-03-27 10:26:00 EDT,ST ANTHONY'S HOSPITAL LAB,47,0,47
2020-03-27 10:26:00 EDT,SHANDS JACKSONVILLE MEDICAL CENTER INC,42,0,42
2020-03-27 10:26:00 EDT,NICKLAUS CHILDREN'S HOSPITAL,40,2,42
2020-03-27 10:26:00 EDT,TALLAHASSEE MEMORIAL HOSPITAL,35,4,39
2020-03-27 10:26:00 EDT,UNIVERSITY HOSPITAL AND MEDICAL CENTER,33,4,37
2020-03-27 10:26:00 EDT,WINTER HAVEN HOSPITAL CLINICAL LABORATORY,36,1,37
2020-03-27 10:26:00 EDT,WELLINGTON REGIONAL MED CTR LAB,32,3,35
2020-03-27 10:26:00 EDT,ADVENTHEALTH DAYTONA BEACH,29,4,33
2020-03-27 10:26:00 EDT,NCH NORTH NAPLES HOSPITAL LAB,31,1,32
2020-03-27 10:26:00 EDT,MERCY HOSPITAL A CAMPUS OF PLANTATION GEN HOSP LAB,21,10,31
2020-03-27 10:26:00 EDT,UF PATHLABS,29,1,30
2020-03-27 10:26:00 EDT,BAPTIST HOSPITAL LABORATORY,27,2,29
2020-03-27 10:26:00 EDT,CDC,17,9,26
2020-03-27 10:26:00 EDT,ORLANDO HEALTH,0,23,23
2020-03-27 10:26:00 EDT,QUEST,1,20,21
2020-03-27 10:26:00 EDT,OSCEOLA REGIONAL MEDICAL CENTER,19,1,20
2020-03-27 10:26:00 EDT,CLINICORE LABS,19,1,20
2020-03-27 10:26:00 EDT,QUEST DIAGNOSTICS,11,9,20
2020-03-27 10:26:00 EDT,DIATHERIX LABORATORIES,4,16,20
2020-03-27 10:26:00 EDT,TENNESSEE DOH - NASHVILLE,14,4,18
2020-03-27 10:26:00 EDT,QUEST DIAGNOSTICS - MIRAMAR,1,17,18
2020-03-27 10:26:00 EDT,SACRED HEART HEALTH SYSTEM,0,17,17
2020-03-27 10:26:00 EDT,NCH NORTHEAST,14,2,16
2020-03-27 10:26:00 EDT,NEMOURS CHILDRENS HOSPITAL,16,0,16
2020-03-27 10:26:00 EDT,LABCORP BURLINGTON (ELR),5,11,16
2020-03-27 10:26:00 EDT,JUPITER MEDICAL CENTER LAB,9,7,16
2020-03-27 10:26:00 EDT,FLORIDA HOSPITAL FISH MEMORIAL,15,1,16
2020-03-27 10:26:00 EDT,CENTRAL FLORIDA REGIONAL HOSPITAL,11,4,15
2020-03-27 10:26:00 EDT,PLANTATION GENERAL HOSPITAL,15,0,15
2020-03-27 10:26:00 EDT,FLORIDA HOSPITAL FLAGLER,13,2,15
2020-03-27 10:26:00 EDT,LAKEWOOD RANCH MEDICAL CENTER,12,3,15
2020-03-27 10:26:00 EDT,BAPTIST MEDICAL CENTER - BEACHES,15,0,15
2020-03-27 10:26:00 EDT,QUEST DIAGNOSTICS - ATLANTA,15,0,15
2020-03-27 10:26:00 EDT,DELRAY MEDICAL CENTER,13,2,15
2020-03-27 10:26:00 EDT,GULF BREEZE HOSPITAL LAB,12,2,14
2020-03-27 10:26:00 EDT,NORTHWEST MEDICAL CENTER,13,1,14
2020-03-27 10:26:00 EDT,FLORIDA HOSPITAL WESLEY CHAPEL,13,0,13
2020-03-27 10:26:00 EDT,STVINCENTS CLAY CNTY,13,0,13
2020-03-27 10:26:00 EDT,MARINERS HOSPITAL,12,1,13
2020-03-27 10:26:00 EDT,Capital Regional Medical Ctr,13,0,13
2020-03-27 10:26:00 EDT,FLORIDA HOSPITAL HEARTLAND MED CTR CLINICAL LAB,12,1,13
2020-03-27 10:26:00 EDT,OVIEDO MEDICAL CENTER,12,0,12
2020-03-27 10:26:00 EDT,BAYCARE LAB,0,12,12
2020-03-27 10:26:00 EDT,JACKSON MEMORIAL HOSPITAL CLINICAL LAB,0,11,11
2020-03-27 10:26:00 EDT,BUREAU OF CLINICAL LABORATORIES,10,0,10
2020-03-27 10:26:00 EDT,ST VINCENT'S MEDICAL CENTER - SOUTHSIDE,10,0,10
2020-03-27 10:26:00 EDT,BIO COLLECTIONS INC,0,10,10
2020-03-27 10:26:00 EDT,FLORIDA HOSPITAL DELAND,7,2,9
2020-03-27 10:26:00 EDT,QUEST DIAGNOSTICS - WEST HILLS,9,0,9
2020-03-27 10:26:00 EDT,WEST PALM HOSPITAL LAB,6,3,9
2020-03-27 10:26:00 EDT,FLORIDA HOSPITAL OF CARROLLWOOD,7,1,8
2020-03-27 10:26:00 EDT,ARUP,0,8,8
2020-03-27 10:26:00 EDT,NCH HEALTHCARE BONITA,7,0,7
2020-03-27 10:26:00 EDT,QUEST DIAGNOSTIC,0,7,7
2020-03-27 10:26:00 EDT,FLORIDA HOSPITAL NORTH PINELLAS,6,0,6
2020-03-27 10:26:00 EDT,PALMS WEST HOSPITAL LAB,5,1,6
2020-03-27 10:26:00 EDT,UHEALTH CORAL GABLES/LENNAR MED CTR,6,0,6
2020-03-27 10:26:00 EDT,PALO ALTO VA MEDICAL CENTER,0,6,6
2020-03-27 10:26:00 EDT,LABONE LLC DBA QUEST DIAGNOSTICS,4,2,6
2020-03-27 10:26:00 EDT,ST VINCENTS - CLAY COUNTY,3,3,6
2020-03-27 10:26:00 EDT,ORANGE PARK MEDICAL CENTER,5,1,6
2020-03-27 10:26:00 EDT,MANATEE MEMORIAL HOSPITAL,6,0,6
2020-03-27 10:26:00 EDT,RAULERSON HOSPITAL,6,0,6
2020-03-27 10:26:00 EDT,NEW YORK STATE ELR - WADSWORTH HEALTH CENTER,5,0,5
2020-03-27 10:26:00 EDT,EGLIN AIRFORCE BASE LAB,0,5,5
2020-03-27 10:26:00 EDT,NEW YORK STATE ELR - DEPARTMENT OF CLINICAL LABS,5,0,5
2020-03-27 10:26:00 EDT,MARTIN MEMORIAL MEDICAL CENTER LAB,0,5,5
2020-03-27 10:26:00 EDT,SACRED HEART HOSPITAL ON THE GULF,4,0,4
2020-03-27 10:26:00 EDT,SACRED HEART-EMERALD COAST,0,4,4
2020-03-27 10:26:00 EDT,SOUTH LAKE HOSPITAL,0,4,4
2020-03-27 10:26:00 EDT,NEW YORK STATE ELR - NEW YORK HOSPITAL LABORATORIES,3,1,4
2020-03-27 10:26:00 EDT,QUEST DIAGNOSTICS NICHOLS INSTITUTE- LPP,0,4,4
2020-03-27 10:26:00 EDT,BMHSI-AEL MICROBIOLOGY LABORATORY,3,1,4
2020-03-27 10:26:00 EDT,ADVENT HEALTH DAYTONA,1,3,4
2020-03-27 10:26:00 EDT,FLORIDA HOSPITAL ZEPHYRHILLS,4,0,4
2020-03-27 10:26:00 EDT,HOLMES REGIONAL MEDICAL CENTER,3,1,4
2020-03-27 10:26:00 EDT,COMMUNITY HEALTH OF SOUTH FLORIDA,0,4,4
2020-03-27 10:26:00 EDT,LABCORP,0,4,4
2020-03-27 10:26:00 EDT,VAMC ORLANDO,0,4,4
2020-03-27 10:26:00 EDT,LAB CORP,2,2,4
2020-03-27 10:26:00 EDT,UNIVERSITY OF MIAMI HOSPITAL & CLINICS,3,1,4
2020-03-27 10:26:00 EDT,LABCORP BURLINGTON (LPP),0,4,4
2020-03-27 10:26:00 EDT,TGH,0,3,3
2020-03-27 10:26:00 EDT,POINCIANA MEDICAL CENTER,2,1,3
2020-03-27 10:26:00 EDT,"QUEST DIAGNOSTIC CLINICAL LABORATORIES, INC",1,2,3
2020-03-27 10:26:00 EDT,QUEST DIAGNOSTICS-MIAMI,0,3,3
2020-03-27 10:26:00 EDT,ST JOSEPHS NORTH HOSPITAL LAB,3,0,3
2020-03-27 10:26:00 EDT,MEMORIAL REGIONAL HOSPITAL CLINICAL LABORATORY,0,3,3
2020-03-27 10:26:00 EDT,USAFSAM/PHE,1,2,3
2020-03-27 10:26:00 EDT,NEW YORK STATE ELR - NORTH SHORE LONG ISLAND JEWISH HEALTH,2,1,3
2020-03-27 10:26:00 EDT,BAPTIST MEDICAL CENTER - NASSAU,3,0,3
2020-03-27 10:26:00 EDT,CAPE CORAL HOSPITAL CLINICAL LABORATORY,0,3,3
2020-03-27 10:26:00 EDT,VA MEDICAL CENTER,0,3,3
2020-03-27 10:26:00 EDT,HIGHLANDS REGIONAL MEDICAL CENTER,3,0,3
2020-03-27 10:26:00 EDT,VAMC WEST PALM LAB,0,2,2
2020-03-27 10:26:00 EDT,QUEST DIAGNOSTIC INC,0,2,2
2020-03-27 10:26:00 EDT,FLORIDA DEPT OF HEALTH,2,0,2
2020-03-27 10:26:00 EDT,AMERICAN ESOTERIC LABORATORIES,0,2,2
2020-03-27 10:26:00 EDT,WHITE WILSON MEDICAL CENTER CLINIC,0,2,2
2020-03-27 10:26:00 EDT,CITRUS MEMORIAL HOSPITAL LABORATORY,2,0,2
2020-03-27 10:26:00 EDT,QUEST DIAGNOSTICS NICHOLS INSTITUTE - SJC (LPP),1,1,2
2020-03-27 10:26:00 EDT,FISHERMENS HOSPITAL CLINICAL LAB,2,0,2
2020-03-27 10:26:00 EDT,LEESBURG REGIONAL MEDICAL CENTER,1,1,2
2020-03-27 10:26:00 EDT,JACKSON NORTH MEDICAL CENTER,0,2,2
2020-03-27 10:26:00 EDT,ORLANDO VAMC,1,1,2
2020-03-27 10:26:00 EDT,NEW YORK STATE ELR - QUEST DIAGNOSTICS INCORPORATED,2,0,2
2020-03-27 10:26:00 EDT,ADVENTHEALTH TAMPA,0,2,2
2020-03-27 10:26:00 EDT,OAK HILL HOSPITAL,0,2,2
2020-03-27 10:26:00 EDT,ST. ANTHONY'S HOSPITAL,0,2,2
2020-03-27 10:26:00 EDT,NEW YORK STATE ELR - NEW YORK PRESBYTERIAN HOSPITAL CUMC CLINICAL,2,0,2
2020-03-27 10:26:00 EDT,INTEGRATED REGIONAL LABORATORIES LLP,0,2,2
2020-03-27 10:26:00 EDT,PHYSICIANS STAT LAB,0,2,2
2020-03-27 10:26:00 EDT,MEMORIAL HOSPITAL MICRO,0,2,2
2020-03-27 10:26:00 EDT,BAPTIST HEALTH SOUTH FLORIDA,0,1,1
2020-03-27 10:26:00 EDT,STATE LAB,1,0,1
2020-03-27 10:26:00 EDT,SOUTH MIAMI HOSPITAL,0,1,1
2020-03-27 10:26:00 EDT,DOCTORS HOSPITAL OF SARASOTA CLINICAL LABORATORY,0,1,1
2020-03-27 10:26:00 EDT,ST JOSEPHS HOSPITAL,0,1,1
2020-03-27 10:26:00 EDT,UNKNOWN,0,1,1
2020-03-27 10:26:00 EDT,SUNRISE MEDICAL LABORATORIES,0,1,1
2020-03-27 10:26:00 EDT,TAMPA GENERAL HOSPITAL CLINICAL LAB,0,1,1
2020-03-27 10:26:00 EDT,STEWARD REFERENCE LABORATORY,0,1,1
2020-03-27 10:26:00 EDT,AdventHealth Lab,0,1,1
2020-03-27 10:26:00 EDT,AIT LABORATORIES,0,1,1
2020-03-27 10:26:00 EDT,VIERA HOSPITAL,0,1,1
2020-03-27 10:26:00 EDT,AZALEA HEALTH,0,1,1
2020-03-27 10:26:00 EDT,WEST VIRGINIA UNIVERSITY HOSPITALS,0,1,1
2020-03-27 10:26:00 EDT,WESTCHESTER HOSPITAL,1,0,1
2020-03-27 10:26:00 EDT,ST JUDE CHILDREN'S RESEARCH HOSPITAL,1,0,1
2020-03-27 10:26:00 EDT,VA HOSPITAL,0,1,1
2020-03-27 10:26:00 EDT,UAB,0,1,1
2020-03-27 10:26:00 EDT,ST PETERSBURG GENERAL HOSPITAL,0,1,1
2020-03-27 10:26:00 EDT,ST LUCIE MEDICAL CENTER,1,0,1
2020-03-27 10:26:00 EDT,LARKIN COMMUNITY HOSPITAL,0,1,1
2020-03-27 10:26:00 EDT,LECONTE MEDICAL CENTER LAB,1,0,1
2020-03-27 10:26:00 EDT,LABCORP PHOENIX,0,1,1
2020-03-27 10:26:00 EDT,INTEGRATED REGIONAL LABORATORIES,0,1,1
2020-03-27 10:26:00 EDT,INTERCOASTAL MEDICAL GROUP,0,1,1
2020-03-27 10:26:00 EDT,MACDILL AFB HOSPITAL,0,1,1
2020-03-27 10:26:00 EDT,CAROMONT HEALTH,0,1,1
2020-03-27 10:26:00 EDT,MORTON PLANT HOSPITAL/LAB,0,1,1
2020-03-27 10:26:00 EDT,MHS LAB,1,0,1
2020-03-27 10:26:00 EDT,MACDILL AIRFORCE BASE MICRO,0,1,1
2020-03-27 10:26:00 EDT,MEDICAL CENTER OF TRINITY CLINICAL LABORATORY,0,1,1
2020-03-27 10:26:00 EDT,INDIAN RIVER MEDICAL CENTER LAB,0,1,1
2020-03-27 10:26:00 EDT,FLAGLER HOSPITAL,0,1,1
2020-03-27 10:26:00 EDT,FLORIDA DEPARTMENT OF HEALTH,1,0,1
2020-03-27 10:26:00 EDT,FL PHL TAMPA,1,0,1
2020-03-27 10:26:00 EDT,DOH JACKSONVILLE CENTRAL LABORATORY,1,0,1
2020-03-27 10:26:00 EDT,ENGLEWOOD COMMUNITY HOSPITAL,0,1,1
2020-03-27 10:26:00 EDT,FLORIDA HOSPITAL HEARTLAND MED CTR LAKE PLACID,0,1,1
2020-03-27 10:26:00 EDT,HALIFAX MEDICAL CENTER LAB,0,1,1
2020-03-27 10:26:00 EDT,HEALTH CENTRAL HOSPITAL,0,1,1
2020-03-27 10:26:00 EDT,GULF COAST MEDICAL CENTER MICROLAB,0,1,1
2020-03-27 10:26:00 EDT,FORT WALTON BEACH MEDICAL CENTER,0,1,1
2020-03-27 10:26:00 EDT,GESSLER CLINIC,0,1,1
2020-03-27 10:26:00 EDT,QUEST DIAGNOSTICS WOOD DALE,1,0,1
2020-03-27 10:26:00 EDT,QUESTDIAGNOSTICS INCORPORATED,0,1,1
2020-03-27 10:26:00 EDT,BIOREFERENCE LABORATORIES,1,0,1
2020-03-27 10:26:00 EDT,PHYSICIANS REGIONAL MEDICAL CENTER - COLLIER BLVD,0,1,1
2020-03-27 10:26:00 EDT,BLAKE MEDICAL CENTER,0,1,1
2020-03-27 10:26:00 EDT,SACRED HEART AT EMERALD COAST,0,1,1
2020-03-27 10:26:00 EDT,SEBASTIAN RIVER MEDICAL CENTER,1,0,1
2020-03-27 10:26:00 EDT,BAYCARE OUTREACH LABORATORY,0,1,1
2020-03-27 10:26:00 EDT,SCDHEC BUREAU OF LABORATORIES,0,1,1
2020-03-27 10:26:00 EDT,SACRED HEART LABORATORY AT PENSACOLA,0,1,1
2020-03-27 10:26:00 EDT,BETHESDA HOSPITAL EAST,0,1,1
2020-03-27 10:26:00 EDT,PALMETTO GENERAL HOSPITAL LAB,1,0,1
2020-03-27 10:26:00 EDT,NEW YORK STATE ELR - NEW YORK CITY DEPARTMENT OF HEALTH & MENTAL,1,0,1
2020-03-27 10:26:00 EDT,NEW YORK STATE ELR - ROCHESTER GENERAL HOSPITAL LABORATORY,1,0,1
2020-03-27 10:26:00 EDT,NEW YORK STATE ELR - MONTEFIORE MEDICAL CENTER LABORATORIES - MOSES,1,0,1
2020-03-27 10:26:00 EDT,MRHS LAB,0,1,1
2020-03-27 10:26:00 EDT,NCH HEALTHCARE SYSTEM MICROBIOLOGY LAB,0,1,1
2020-03-27 10:26:00 EDT,NICHOLS INSTITUTE QUEST DIAGNOSTICS,0,1,1
2020-03-27 10:26:00 EDT,ORLANDO VA MEDICAL CENTER,0,1,1
2020-03-27 10:26:00 EDT,PALM BAY HOSPITAL,1,0,1
2020-03-27 10:26:00 EDT,ORLANDO REGIONAL MEDICAL CENTER,0,1,1
2020-03-27 10:26:00 EDT,CALIFORNIA PUBLIC HEALTH LABORATORY,0,1,1
2020-03-27 10:26:00 EDT,NORTHSIDE HOSPITAL AND HEART INSTITUTE,0,1,1
2020-03-27 18:19:00 EDT,QUEST DIAGNOSTICS - TAMPA,9121,685,9806
2020-03-27 18:19:00 EDT,LABORATORY CORPORATION OF AMERICA,5141,432,5573
2020-03-27 18:19:00 EDT,ADVENT HEALTH LAB,1937,181,2118
2020-03-27 18:19:00 EDT,"QUEST DIAGNOSTICS NICHOLS INSTITUTE, INC.",1881,131,2012
2020-03-27 18:19:00 EDT,MEMORIAL REGIONAL HOSPITAL SOUTH,1659,303,1962
2020-03-27 18:19:00 EDT,BPHL-JACKSONVILLE,1739,223,1962
2020-03-27 18:19:00 EDT,"BIO REFERENCE LABORATORIES, INC",1531,219,1750
2020-03-27 18:19:00 EDT,BPHL-MIAMI,1451,280,1731
2020-03-27 18:19:00 EDT,BPHL-TAMPA (SPECTRUM BLVD),1487,195,1682
2020-03-27 18:19:00 EDT,TAMPA GENERAL HOSPITAL,1271,75,1346
2020-03-27 18:19:00 EDT,SHANDS AT THE UNIVERSITY OF FLORIDA,1222,52,1274
2020-03-27 18:19:00 EDT,MAYO CLINIC LABORATORIES,1185,79,1264
2020-03-27 18:19:00 EDT,BAYCARE LABORATORIES LLC,632,32,664
2020-03-27 18:19:00 EDT,BAPTIST HOSPITAL OF MIAMI CLINICAL LABORATORY,500,60,560
2020-03-27 18:19:00 EDT,SACRED HEART HOSPITAL LABORATORY,353,33,386
2020-03-27 18:19:00 EDT,UNIVERSITY OF MIAMI HOSPITAL,229,58,287
2020-03-27 18:19:00 EDT,CLEVELAND CLINIC HOSPITAL LAB,192,41,233
2020-03-27 18:19:00 EDT,QUEST DIAGNOSTICS NICHOLS INSTITUTE - SJC (ELR),194,36,230
2020-03-27 18:19:00 EDT,SARASOTA MEMORIAL HOSPITAL MAIN LAB,204,22,226
2020-03-27 18:19:00 EDT,ST JOSEPHS HOSPITAL LABORATORY,176,14,190
2020-03-27 18:19:00 EDT,NAPLES COMMUNITY HOSPITAL,168,12,180
2020-03-27 18:19:00 EDT,SOUTH MIAMI HOSPITAL LAB,140,25,165
2020-03-27 18:19:00 EDT,WEST KENDALL BAPTIST HOSPITAL LABORATORY,133,27,160
2020-03-27 18:19:00 EDT,FLORIDA HOSPITAL - TAMPA,122,6,128
2020-03-27 18:19:00 EDT,QUEST DIAGNOSTICS NICHOLS INSTITUTE,118,3,121
2020-03-27 18:19:00 EDT,FLORIDA HOSPITAL WATERMAN LABORATORY,101,3,104
2020-03-27 18:19:00 EDT,VIRACOR-EUROFINS LABORATORIES,68,30,98
2020-03-27 18:19:00 EDT,ARUP LABORATORIES,87,10,97
2020-03-27 18:19:00 EDT,DOCTORS HOSPITAL,77,18,95
2020-03-27 18:19:00 EDT,MORTON PLANT HOSPITAL-ADLER INSTITUTE,83,3,86
2020-03-27 18:19:00 EDT,AVENTURA HOSPITAL LAB,48,20,68
2020-03-27 18:19:00 EDT,LAWNWOOD REGIONAL MEDICAL CENTER,65,0,65
2020-03-27 18:19:00 EDT,ST JOSEPHS HOSPITAL SOUTH LABORATORY,64,1,65
2020-03-27 18:19:00 EDT,JFK MEDICAL CENTER LAB,39,25,64
2020-03-27 18:19:00 EDT,BAPTIST MEDICAL CENTER JACKSONVILLE,57,3,60
2020-03-27 18:19:00 EDT,HOMESTEAD HOSPITAL CLINICAL LABORATORY,53,5,58
2020-03-27 18:19:00 EDT,WESTSIDE REGIONAL MED CTR,42,14,56
2020-03-27 18:19:00 EDT,ST ANTHONY'S HOSPITAL LAB,47,0,47
2020-03-27 18:19:00 EDT,TALLAHASSEE MEMORIAL HOSPITAL,38,4,42
2020-03-27 18:19:00 EDT,SHANDS JACKSONVILLE MEDICAL CENTER INC,42,0,42
2020-03-27 18:19:00 EDT,NICKLAUS CHILDREN'S HOSPITAL,40,2,42
2020-03-27 18:19:00 EDT,ADVENTHEALTH DAYTONA BEACH,35,4,39
2020-03-27 18:19:00 EDT,WINTER HAVEN HOSPITAL CLINICAL LABORATORY,36,1,37
2020-03-27 18:19:00 EDT,LARKIN COMMUNITY HOSP.,36,1,37
2020-03-27 18:19:00 EDT,UNIVERSITY HOSPITAL AND MEDICAL CENTER,33,4,37
2020-03-27 18:19:00 EDT,WELLINGTON REGIONAL MED CTR LAB,32,3,35
2020-03-27 18:19:00 EDT,NCH NORTH NAPLES HOSPITAL LAB,32,2,34
2020-03-27 18:19:00 EDT,UF PATHLABS,30,1,31
2020-03-27 18:19:00 EDT,MERCY HOSPITAL A CAMPUS OF PLANTATION GEN HOSP LAB,21,10,31
2020-03-27 18:19:00 EDT,BAPTIST HOSPITAL LABORATORY,27,4,31
2020-03-27 18:19:00 EDT,OSCEOLA REGIONAL MEDICAL CENTER,27,2,29
2020-03-27 18:19:00 EDT,QUEST DIAGNOSTICS - MIRAMAR,1,27,28
2020-03-27 18:19:00 EDT,ORLANDO HEALTH,0,28,28
2020-03-27 18:19:00 EDT,FLORIDA HOSPITAL FLAGLER,24,2,26
2020-03-27 18:19:00 EDT,CDC,17,9,26
2020-03-27 18:19:00 EDT,QUEST,3,22,25
2020-03-27 18:19:00 EDT,QUEST DIAGNOSTICS,15,10,25
2020-03-27 18:19:00 EDT,CENTRAL FLORIDA REGIONAL HOSPITAL,19,4,23
2020-03-27 18:19:00 EDT,FLORIDA HOSPITAL FISH MEMORIAL,21,1,22
2020-03-27 18:19:00 EDT,CLINICORE LABS,19,1,20
2020-03-27 18:19:00 EDT,DIATHERIX LABORATORIES,4,16,20
2020-03-27 18:19:00 EDT,Capital Regional Medical Ctr,20,0,20
2020-03-27 18:19:00 EDT,LABCORP BURLINGTON (ELR),5,14,19
2020-03-27 18:19:00 EDT,NCH NORTHEAST,16,2,18
2020-03-27 18:19:00 EDT,PLANTATION GENERAL HOSPITAL,15,3,18
2020-03-27 18:19:00 EDT,TENNESSEE DOH - NASHVILLE,14,4,18
2020-03-27 18:19:00 EDT,SACRED HEART HEALTH SYSTEM,0,17,17
2020-03-27 18:19:00 EDT,OVIEDO MEDICAL CENTER,17,0,17
2020-03-27 18:19:00 EDT,NEMOURS CHILDRENS HOSPITAL,16,0,16
2020-03-27 18:19:00 EDT,JUPITER MEDICAL CENTER LAB,9,7,16
2020-03-27 18:19:00 EDT,NORTHWEST MEDICAL CENTER,13,3,16
2020-03-27 18:19:00 EDT,LAKEWOOD RANCH MEDICAL CENTER,12,3,15
2020-03-27 18:19:00 EDT,BAPTIST MEDICAL CENTER - BEACHES,15,0,15
2020-03-27 18:19:00 EDT,QUEST DIAGNOSTICS - ATLANTA,15,0,15
2020-03-27 18:19:00 EDT,DELRAY MEDICAL CENTER,13,2,15
2020-03-27 18:19:00 EDT,FLORIDA HOSPITAL WESLEY CHAPEL,15,0,15
2020-03-27 18:19:00 EDT,FLORIDA HOSPITAL HEARTLAND MED CTR CLINICAL LAB,14,1,15
2020-03-27 18:19:00 EDT,GULF BREEZE HOSPITAL LAB,12,2,14
2020-03-27 18:19:00 EDT,STVINCENTS CLAY CNTY,13,0,13
2020-03-27 18:19:00 EDT,MARINERS HOSPITAL,12,1,13
2020-03-27 18:19:00 EDT,BIO COLLECTIONS INC,0,13,13
2020-03-27 18:19:00 EDT,FLORIDA HOSPITAL NORTH PINELLAS,12,0,12
2020-03-27 18:19:00 EDT,JACKSON MEMORIAL HOSPITAL CLINICAL LAB,0,12,12
2020-03-27 18:19:00 EDT,BAYCARE LAB,0,12,12
2020-03-27 18:19:00 EDT,ST VINCENT'S MEDICAL CENTER - SOUTHSIDE,10,0,10
2020-03-27 18:19:00 EDT,BUREAU OF CLINICAL LABORATORIES,10,0,10
2020-03-27 18:19:00 EDT,QUEST DIAGNOSTICS - WEST HILLS,10,0,10
2020-03-27 18:19:00 EDT,FLORIDA HOSPITAL OF CARROLLWOOD,9,1,10
2020-03-27 18:19:00 EDT,WEST PALM HOSPITAL LAB,6,3,9
2020-03-27 18:19:00 EDT,FLORIDA HOSPITAL DELAND,7,2,9
2020-03-27 18:19:00 EDT,SACRED HEART HOSPITAL ON THE GULF,8,0,8
2020-03-27 18:19:00 EDT,ARUP,0,8,8
2020-03-27 18:19:00 EDT,QUEST DIAGNOSTIC,0,7,7
2020-03-27 18:19:00 EDT,ORANGE PARK MEDICAL CENTER,5,2,7
2020-03-27 18:19:00 EDT,NCH HEALTHCARE BONITA,7,0,7
2020-03-27 18:19:00 EDT,LABONE LLC DBA QUEST DIAGNOSTICS,5,2,7
2020-03-27 18:19:00 EDT,PALMS WEST HOSPITAL LAB,5,2,7
2020-03-27 18:19:00 EDT,MANATEE MEMORIAL HOSPITAL,6,0,6
2020-03-27 18:19:00 EDT,ST VINCENTS - CLAY COUNTY,3,3,6
2020-03-27 18:19:00 EDT,RAULERSON HOSPITAL,6,0,6
2020-03-27 18:19:00 EDT,PALO ALTO VA MEDICAL CENTER,0,6,6
2020-03-27 18:19:00 EDT,UHEALTH CORAL GABLES/LENNAR MED CTR,6,0,6
2020-03-27 18:19:00 EDT,"QUEST DIAGNOSTIC CLINICAL LABORATORIES, INC",3,2,5
2020-03-27 18:19:00 EDT,MARTIN MEMORIAL MEDICAL CENTER LAB,0,5,5
2020-03-27 18:19:00 EDT,NEW YORK STATE ELR - DEPARTMENT OF CLINICAL LABS,5,0,5
2020-03-27 18:19:00 EDT,EGLIN AIRFORCE BASE LAB,0,5,5
2020-03-27 18:19:00 EDT,BAPTIST HEALTH SOUTH FLORIDA,0,5,5
2020-03-27 18:19:00 EDT,LABCORP,1,4,5
2020-03-27 18:19:00 EDT,NEW YORK STATE ELR - WADSWORTH HEALTH CENTER,5,0,5
2020-03-27 18:19:00 EDT,SOUTH LAKE HOSPITAL,0,4,4
2020-03-27 18:19:00 EDT,VA MEDICAL CENTER,0,4,4
2020-03-27 18:19:00 EDT,VAMC ORLANDO,0,4,4
2020-03-27 18:19:00 EDT,UNIVERSITY OF MIAMI HOSPITAL & CLINICS,3,1,4
2020-03-27 18:19:00 EDT,NEW YORK STATE ELR - NEW YORK HOSPITAL LABORATORIES,3,1,4
2020-03-27 18:19:00 EDT,QUEST DIAGNOSTICS-MIAMI,0,4,4
2020-03-27 18:19:00 EDT,QUEST DIAGNOSTICS NICHOLS INSTITUTE- LPP,0,4,4
2020-03-27 18:19:00 EDT,SACRED HEART-EMERALD COAST,0,4,4
2020-03-27 18:19:00 EDT,MEMORIAL HOSPITAL JACKSONVILLE,0,4,4
2020-03-27 18:19:00 EDT,HOLMES REGIONAL MEDICAL CENTER,3,1,4
2020-03-27 18:19:00 EDT,BMHSI-AEL MICROBIOLOGY LABORATORY,3,1,4
2020-03-27 18:19:00 EDT,LABCORP BURLINGTON (LPP),0,4,4
2020-03-27 18:19:00 EDT,LAB CORP,2,2,4
2020-03-27 18:19:00 EDT,FLORIDA HOSPITAL ZEPHYRHILLS,4,0,4
2020-03-27 18:19:00 EDT,COMMUNITY HEALTH OF SOUTH FLORIDA,0,4,4
2020-03-27 18:19:00 EDT,CAPE CORAL HOSPITAL CLINICAL LABORATORY,0,4,4
2020-03-27 18:19:00 EDT,ADVENT HEALTH DAYTONA,1,3,4
2020-03-27 18:19:00 EDT,ORLANDO VAMC,1,2,3
2020-03-27 18:19:00 EDT,LEE MEMORIAL LAB GULF COAST,0,3,3
2020-03-27 18:19:00 EDT,USAFSAM/PHE,1,2,3
2020-03-27 18:19:00 EDT,BAPTIST MEDICAL CENTER - NASSAU,3,0,3
2020-03-27 18:19:00 EDT,TGH,0,3,3
2020-03-27 18:19:00 EDT,HIGHLANDS REGIONAL MEDICAL CENTER,3,0,3
2020-03-27 18:19:00 EDT,STEWARD REFERENCE LABORATORY,0,3,3
2020-03-27 18:19:00 EDT,POINCIANA MEDICAL CENTER,2,1,3
2020-03-27 18:19:00 EDT,ST JOSEPHS NORTH HOSPITAL LAB,3,0,3
2020-03-27 18:19:00 EDT,NEW YORK STATE ELR - NORTH SHORE LONG ISLAND JEWISH HEALTH,2,1,3
2020-03-27 18:19:00 EDT,MEMORIAL REGIONAL HOSPITAL CLINICAL LABORATORY,0,3,3
2020-03-27 18:19:00 EDT,JACKSON NORTH MEDICAL CENTER,0,2,2
2020-03-27 18:19:00 EDT,QUEST DIAGNOSTICS WOOD DALE,2,0,2
2020-03-27 18:19:00 EDT,ADVENTHEALTH TAMPA,0,2,2
2020-03-27 18:19:00 EDT,PHYSICIANS STAT LAB,0,2,2
2020-03-27 18:19:00 EDT,AMERICAN ESOTERIC LABORATORIES,0,2,2
2020-03-27 18:19:00 EDT,FLORIDA DEPT OF HEALTH,2,0,2
2020-03-27 18:19:00 EDT,QUEST DIAGNOSTIC INC,0,2,2
2020-03-27 18:19:00 EDT,ST. ANTHONY'S HOSPITAL,0,2,2
2020-03-27 18:19:00 EDT,HALIFAX MEDICAL CENTER LAB,1,1,2
2020-03-27 18:19:00 EDT,QUEST DIAGNOSTICS NICHOLS INSTITUTE - SJC (LPP),1,1,2
2020-03-27 18:19:00 EDT,MEMORIAL HOSPITAL MICRO,0,2,2
2020-03-27 18:19:00 EDT,INTEGRATED REGIONAL LABORATORIES LLP,0,2,2
2020-03-27 18:19:00 EDT,SACRED HEART AT EMERALD COAST,0,2,2
2020-03-27 18:19:00 EDT,MEDICAL CENTER OF TRINITY CLINICAL LABORATORY,0,2,2
2020-03-27 18:19:00 EDT,NEW YORK STATE ELR - NEW YORK PRESBYTERIAN HOSPITAL CUMC CLINICAL,2,0,2
2020-03-27 18:19:00 EDT,NEW YORK STATE ELR - QUEST DIAGNOSTICS INCORPORATED,2,0,2
2020-03-27 18:19:00 EDT,FISHERMENS HOSPITAL CLINICAL LAB,2,0,2
2020-03-27 18:19:00 EDT,LEESBURG REGIONAL MEDICAL CENTER,1,1,2
2020-03-27 18:19:00 EDT,AdventHealth Lab,0,2,2
2020-03-27 18:19:00 EDT,OAK HILL HOSPITAL,0,2,2
2020-03-27 18:19:00 EDT,VAMC WEST PALM LAB,0,2,2
2020-03-27 18:19:00 EDT,CITRUS MEMORIAL HOSPITAL LABORATORY,2,0,2
2020-03-27 18:19:00 EDT,BIOCOLLECTION WORLDWIDE INC,0,2,2
2020-03-27 18:19:00 EDT,WHITE WILSON MEDICAL CENTER CLINIC,0,2,2
2020-03-27 18:19:00 EDT,SEBASTIAN RIVER MEDICAL CENTER,2,0,2
2020-03-27 18:19:00 EDT,WESTCHESTER HOSPITAL,1,0,1
2020-03-27 18:19:00 EDT,DOCTORS HOSPITAL OF SARASOTA CLINICAL LABORATORY,0,1,1
2020-03-27 18:19:00 EDT,STATE LAB,1,0,1
2020-03-27 18:19:00 EDT,CAROMONT HEALTH,0,1,1
2020-03-27 18:19:00 EDT,ST JUDE CHILDREN'S RESEARCH HOSPITAL,1,0,1
2020-03-27 18:19:00 EDT,ST LUCIE MEDICAL CENTER,1,0,1
2020-03-27 18:19:00 EDT,ST JOSEPHS HOSPITAL,0,1,1
2020-03-27 18:19:00 EDT,MORTON PLANT HOSPITAL,0,1,1
2020-03-27 18:19:00 EDT,ST PETERSBURG GENERAL HOSPITAL,0,1,1
2020-03-27 18:19:00 EDT,BAYCARE OUTREACH LABORATORY,0,1,1
2020-03-27 18:19:00 EDT,UNKNOWN,0,1,1
2020-03-27 18:19:00 EDT,BETHESDA HOSPITAL EAST,0,1,1
2020-03-27 18:19:00 EDT,BAYFRONT MEDICAL CENTER/DEPARTMENT OF PATHOLOGY,0,1,1
2020-03-27 18:19:00 EDT,AZALEA HEALTH,0,1,1
2020-03-27 18:19:00 EDT,VIERA HOSPITAL,0,1,1
2020-03-27 18:19:00 EDT,VA HOSPITAL,0,1,1
2020-03-27 18:19:00 EDT,BAYCARE ESOTERIC DI RESULTS SS,0,1,1
2020-03-27 18:19:00 EDT,BIOREFERENCE LABORATORIES,1,0,1
2020-03-27 18:19:00 EDT,BRANDON REGIONAL HOSPITAL,0,1,1
2020-03-27 18:19:00 EDT,TAMPA GENERAL HOSPITAL CLINICAL LAB,0,1,1
2020-03-27 18:19:00 EDT,CALIFORNIA PUBLIC HEALTH LABORATORY,0,1,1
2020-03-27 18:19:00 EDT,SUNRISE MEDICAL LABORATORIES,0,1,1
2020-03-27 18:19:00 EDT,AIT LABORATORIES,0,1,1
2020-03-27 18:19:00 EDT,UAB,0,1,1
2020-03-27 18:19:00 EDT,BLAKE MEDICAL CENTER,0,1,1
2020-03-27 18:19:00 EDT,WEST VIRGINIA UNIVERSITY HOSPITALS,0,1,1
2020-03-27 18:19:00 EDT,SOUTH MIAMI HOSPITAL,0,1,1
2020-03-27 18:19:00 EDT,ORLANDO VA MEDICAL CENTER,0,1,1
2020-03-27 18:19:00 EDT,LECONTE MEDICAL CENTER LAB,1,0,1
2020-03-27 18:19:00 EDT,ORLANDO REGIONAL MEDICAL CENTER,0,1,1
2020-03-27 18:19:00 EDT,LEE MEMORIAL HOSPITAL LAB,0,1,1
2020-03-27 18:19:00 EDT,LEE HEALTH-COCONUT POINT LAB,0,1,1
2020-03-27 18:19:00 EDT,LARGO MEDICAL CENTER,0,1,1
2020-03-27 18:19:00 EDT,LABCORP PHOENIX,0,1,1
2020-03-27 18:19:00 EDT,PALMETTO GENERAL HOSPITAL LAB,1,0,1
2020-03-27 18:19:00 EDT,LARKIN COMMUNITY HOSPITAL,0,1,1
2020-03-27 18:19:00 EDT,PALM BAY HOSPITAL,1,0,1
2020-03-27 18:19:00 EDT,NORTHSIDE HOSPITAL AND HEART INSTITUTE,0,1,1
2020-03-27 18:19:00 EDT,NCH HEALTHCARE SYSTEM MICROBIOLOGY LAB,0,1,1
2020-03-27 18:19:00 EDT,NEW YORK STATE ELR - MONTEFIORE MEDICAL CENTER LABORATORIES - MOSES,1,0,1
2020-03-27 18:19:00 EDT,MHS LAB,1,0,1
2020-03-27 18:19:00 EDT,MOUNT SINAI MEDICAL CENTER,0,1,1
2020-03-27 18:19:00 EDT,MRHS LAB,0,1,1
2020-03-27 18:19:00 EDT,MACDILL AFB HOSPITAL,0,1,1
2020-03-27 18:19:00 EDT,NICHOLS INSTITUTE QUEST DIAGNOSTICS,0,1,1
2020-03-27 18:19:00 EDT,NEW YORK STATE ELR - ROCHESTER GENERAL HOSPITAL LABORATORY,1,0,1
2020-03-27 18:19:00 EDT,NEW YORK STATE ELR - NEW YORK CITY DEPARTMENT OF HEALTH & MENTAL,1,0,1
2020-03-27 18:19:00 EDT,MACDILL AIRFORCE BASE MICRO,0,1,1
2020-03-27 18:19:00 EDT,FLAGLER HOSPITAL,0,1,1
2020-03-27 18:19:00 EDT,FL PHL TAMPA,1,0,1
2020-03-27 18:19:00 EDT,SACRED HEART LABORATORY AT PENSACOLA,0,1,1
2020-03-27 18:19:00 EDT,FLORIDA HOSPITAL HEARTLAND MED CTR LAKE PLACID,0,1,1
2020-03-27 18:19:00 EDT,FLORIDA DEPARTMENT OF HEALTH,1,0,1
2020-03-27 18:19:00 EDT,ENGLEWOOD COMMUNITY HOSPITAL,0,1,1
2020-03-27 18:19:00 EDT,DOH JACKSONVILLE CENTRAL LABORATORY,1,0,1
2020-03-27 18:19:00 EDT,SOLARIS DIAGNOSTICS,0,1,1
2020-03-27 18:19:00 EDT,SCDHEC BUREAU OF LABORATORIES,0,1,1
2020-03-27 18:19:00 EDT,FAWCETT MEMORIAL HOSPITAL-LAB,0,1,1
2020-03-27 18:19:00 EDT,MORTON PLANT HOSPITAL/LAB,0,1,1
2020-03-27 18:19:00 EDT,INTEGRATED REGIONAL LABORATORIES,0,1,1
2020-03-27 18:19:00 EDT,INDIAN RIVER MEDICAL CENTER LAB,0,1,1
2020-03-27 18:19:00 EDT,INTERCOASTAL MEDICAL GROUP,0,1,1
2020-03-27 18:19:00 EDT,PENNSYLVANIA DEPARTMENT OF HEALTH BUREAU OF LABORATORIES,0,1,1
2020-03-27 18:19:00 EDT,PHYSICIANS REGIONAL MEDICAL CENTER - COLLIER BLVD,0,1,1
2020-03-27 18:19:00 EDT,FORT WALTON BEACH MEDICAL CENTER,0,1,1
2020-03-27 18:19:00 EDT,QUESTDIAGNOSTICS INCORPORATED,0,1,1
2020-03-27 18:19:00 EDT,GESSLER CLINIC,0,1,1
2020-03-27 18:19:00 EDT,HEALTH CENTRAL HOSPITAL,0,1,1
2020-03-27 18:19:00 EDT,GULF COAST MEDICAL CENTER MICROLAB,0,1,1
2020-03-28 10:15:00 EDT,QUEST DIAGNOSTICS - TAMPA,11343,953,NA
2020-03-28 10:15:00 EDT,LABORATORY CORPORATION OF AMERICA,6038,530,6568
2020-03-28 10:15:00 EDT,ADVENT HEALTH LAB,2243,227,2470
2020-03-28 10:15:00 EDT,MEMORIAL REGIONAL HOSPITAL SOUTH,1819,330,2149
2020-03-28 10:15:00 EDT,BPHL-JACKSONVILLE,1877,253,2130
2020-03-28 10:15:00 EDT,"QUEST DIAGNOSTICS NICHOLS INSTITUTE, INC.",1881,131,2012
2020-03-28 10:15:00 EDT,BPHL-MIAMI,1595,310,1905
2020-03-28 10:15:00 EDT,BPHL-TAMPA (SPECTRUM BLVD),1616,203,1819
2020-03-28 10:15:00 EDT,"BIO REFERENCE LABORATORIES, INC",1531,219,1750
2020-03-28 10:15:00 EDT,TAMPA GENERAL HOSPITAL,1416,79,1495
2020-03-28 10:15:00 EDT,SHANDS AT THE UNIVERSITY OF FLORIDA,1412,66,1478
2020-03-28 10:15:00 EDT,MAYO CLINIC LABORATORIES,1185,79,1264
2020-03-28 10:15:00 EDT,BAYCARE LABORATORIES LLC,745,43,788
2020-03-28 10:15:00 EDT,BAPTIST HOSPITAL OF MIAMI CLINICAL LABORATORY,601,75,676
2020-03-28 10:15:00 EDT,SACRED HEART HOSPITAL LABORATORY,468,35,503
2020-03-28 10:15:00 EDT,UNIVERSITY OF MIAMI HOSPITAL,239,65,304
2020-03-28 10:15:00 EDT,SOUTH MIAMI HOSPITAL LAB,225,40,265
2020-03-28 10:15:00 EDT,QUEST DIAGNOSTICS NICHOLS INSTITUTE - SJC (ELR),223,41,264
2020-03-28 10:15:00 EDT,CLEVELAND CLINIC HOSPITAL LAB,210,45,255
2020-03-28 10:15:00 EDT,SARASOTA MEMORIAL HOSPITAL MAIN LAB,218,24,242
2020-03-28 10:15:00 EDT,ST JOSEPHS HOSPITAL LABORATORY,209,18,227
2020-03-28 10:15:00 EDT,WEST KENDALL BAPTIST HOSPITAL LABORATORY,156,33,189
2020-03-28 10:15:00 EDT,NAPLES COMMUNITY HOSPITAL,168,12,180
2020-03-28 10:15:00 EDT,FLORIDA HOSPITAL - TAMPA,124,6,130
2020-03-28 10:15:00 EDT,FLORIDA HOSPITAL WATERMAN LABORATORY,119,4,123
2020-03-28 10:15:00 EDT,QUEST DIAGNOSTICS NICHOLS INSTITUTE,118,3,121
2020-03-28 10:15:00 EDT,DOCTORS HOSPITAL,87,32,119
2020-03-28 10:15:00 EDT,VIRACOR-EUROFINS LABORATORIES,68,30,98
2020-03-28 10:15:00 EDT,ARUP LABORATORIES,87,10,97
2020-03-28 10:15:00 EDT,MORTON PLANT HOSPITAL-ADLER INSTITUTE,88,4,92
2020-03-28 10:15:00 EDT,BAPTIST MEDICAL CENTER JACKSONVILLE,83,3,86
2020-03-28 10:15:00 EDT,HOMESTEAD HOSPITAL CLINICAL LABORATORY,75,10,85
2020-03-28 10:15:00 EDT,JFK MEDICAL CENTER LAB,39,38,77
2020-03-28 10:15:00 EDT,ST JOSEPHS HOSPITAL SOUTH LABORATORY,74,1,75
2020-03-28 10:15:00 EDT,AVENTURA HOSPITAL LAB,48,24,72
2020-03-28 10:15:00 EDT,LARKIN COMMUNITY HOSP.,69,1,70
2020-03-28 10:15:00 EDT,LAWNWOOD REGIONAL MEDICAL CENTER,65,0,65
2020-03-28 10:15:00 EDT,WESTSIDE REGIONAL MED CTR,42,14,56
2020-03-28 10:15:00 EDT,ST ANTHONY'S HOSPITAL LAB,49,1,50
2020-03-28 10:15:00 EDT,SHANDS JACKSONVILLE MEDICAL CENTER INC,46,1,47
2020-03-28 10:15:00 EDT,TALLAHASSEE MEMORIAL HOSPITAL,38,5,43
2020-03-28 10:15:00 EDT,NICKLAUS CHILDREN'S HOSPITAL,41,2,43
2020-03-28 10:15:00 EDT,ADVENTHEALTH DAYTONA BEACH,38,4,42
2020-03-28 10:15:00 EDT,WINTER HAVEN HOSPITAL CLINICAL LABORATORY,40,1,41
2020-03-28 10:15:00 EDT,BAPTIST HOSPITAL LABORATORY,34,4,38
2020-03-28 10:15:00 EDT,UNIVERSITY HOSPITAL AND MEDICAL CENTER,33,4,37
2020-03-28 10:15:00 EDT,WELLINGTON REGIONAL MED CTR LAB,32,3,35
2020-03-28 10:15:00 EDT,NCH NORTH NAPLES HOSPITAL LAB,32,2,34
2020-03-28 10:15:00 EDT,OSCEOLA REGIONAL MEDICAL CENTER,31,2,33
2020-03-28 10:15:00 EDT,MERCY HOSPITAL A CAMPUS OF PLANTATION GEN HOSP LAB,21,10,31
2020-03-28 10:15:00 EDT,UF PATHLABS,30,1,31
2020-03-28 10:15:00 EDT,DIATHERIX LABORATORIES,4,26,30
2020-03-28 10:15:00 EDT,QUEST DIAGNOSTICS - MIRAMAR,1,28,29
2020-03-28 10:15:00 EDT,QUEST DIAGNOSTICS,18,11,29
2020-03-28 10:15:00 EDT,ORLANDO HEALTH,0,28,28
2020-03-28 10:15:00 EDT,JUPITER MEDICAL CENTER LAB,13,13,26
2020-03-28 10:15:00 EDT,CDC,17,9,26
2020-03-28 10:15:00 EDT,FLORIDA HOSPITAL FLAGLER,24,2,26
2020-03-28 10:15:00 EDT,QUEST,3,22,25
2020-03-28 10:15:00 EDT,Capital Regional Medical Ctr,24,0,24
2020-03-28 10:15:00 EDT,ST VINCENT'S MEDICAL CENTER - SOUTHSIDE,21,2,23
2020-03-28 10:15:00 EDT,CENTRAL FLORIDA REGIONAL HOSPITAL,19,4,23
2020-03-28 10:15:00 EDT,FLORIDA HOSPITAL FISH MEMORIAL,21,1,22
2020-03-28 10:15:00 EDT,BAPTIST MEDICAL CENTER - BEACHES,20,0,20
2020-03-28 10:15:00 EDT,LABCORP BURLINGTON (ELR),5,15,20
2020-03-28 10:15:00 EDT,CLINICORE LABS,19,1,20
2020-03-28 10:15:00 EDT,NEMOURS CHILDRENS HOSPITAL,20,0,20
2020-03-28 10:15:00 EDT,SACRED HEART HEALTH SYSTEM,0,18,18
2020-03-28 10:15:00 EDT,NCH NORTHEAST,16,2,18
2020-03-28 10:15:00 EDT,PLANTATION GENERAL HOSPITAL,15,3,18
2020-03-28 10:15:00 EDT,TENNESSEE DOH - NASHVILLE,14,4,18
2020-03-28 10:15:00 EDT,OVIEDO MEDICAL CENTER,17,0,17
2020-03-28 10:15:00 EDT,NORTHWEST MEDICAL CENTER,13,3,16
2020-03-28 10:15:00 EDT,GULF BREEZE HOSPITAL LAB,13,3,16
2020-03-28 10:15:00 EDT,QUEST DIAGNOSTICS - ATLANTA,15,0,15
2020-03-28 10:15:00 EDT,LAKEWOOD RANCH MEDICAL CENTER,12,3,15
2020-03-28 10:15:00 EDT,DELRAY MEDICAL CENTER,13,2,15
2020-03-28 10:15:00 EDT,FLORIDA HOSPITAL WESLEY CHAPEL,15,0,15
2020-03-28 10:15:00 EDT,FLORIDA HOSPITAL HEARTLAND MED CTR CLINICAL LAB,14,1,15
2020-03-28 10:15:00 EDT,STVINCENTS CLAY CNTY,15,0,15
2020-03-28 10:15:00 EDT,BIO COLLECTIONS INC,0,13,13
2020-03-28 10:15:00 EDT,FLORIDA HOSPITAL NORTH PINELLAS,13,0,13
2020-03-28 10:15:00 EDT,MARINERS HOSPITAL,12,1,13
2020-03-28 10:15:00 EDT,BAYCARE LAB,0,13,13
2020-03-28 10:15:00 EDT,JACKSON MEMORIAL HOSPITAL CLINICAL LAB,0,12,12
2020-03-28 10:15:00 EDT,ST VINCENT'S MEDICAL CENTER - RIVERSIDE,11,1,12
2020-03-28 10:15:00 EDT,BUREAU OF CLINICAL LABORATORIES,10,0,10
2020-03-28 10:15:00 EDT,QUEST DIAGNOSTICS - WEST HILLS,10,0,10
2020-03-28 10:15:00 EDT,ARUP,0,10,10
2020-03-28 10:15:00 EDT,FLORIDA HOSPITAL OF CARROLLWOOD,9,1,10
2020-03-28 10:15:00 EDT,WEST PALM HOSPITAL LAB,6,4,10
2020-03-28 10:15:00 EDT,FLORIDA HOSPITAL DELAND,7,2,9
2020-03-28 10:15:00 EDT,SACRED HEART HOSPITAL ON THE GULF,8,0,8
2020-03-28 10:15:00 EDT,BAPTIST MEDICAL CENTER - NASSAU,7,0,7
2020-03-28 10:15:00 EDT,PALMS WEST HOSPITAL LAB,5,2,7
2020-03-28 10:15:00 EDT,NCH HEALTHCARE BONITA,7,0,7
2020-03-28 10:15:00 EDT,CITRUS MEMORIAL HOSPITAL LABORATORY,7,0,7
2020-03-28 10:15:00 EDT,QUEST DIAGNOSTIC,0,7,7
2020-03-28 10:15:00 EDT,ORANGE PARK MEDICAL CENTER,5,2,7
2020-03-28 10:15:00 EDT,LABONE LLC DBA QUEST DIAGNOSTICS,5,2,7
2020-03-28 10:15:00 EDT,ST VINCENTS - CLAY COUNTY,3,3,6
2020-03-28 10:15:00 EDT,UHEALTH CORAL GABLES/LENNAR MED CTR,6,0,6
2020-03-28 10:15:00 EDT,EGLIN AIRFORCE BASE LAB,0,6,6
2020-03-28 10:15:00 EDT,MANATEE MEMORIAL HOSPITAL,6,0,6
2020-03-28 10:15:00 EDT,PALO ALTO VA MEDICAL CENTER,0,6,6
2020-03-28 10:15:00 EDT,RAULERSON HOSPITAL,6,0,6
2020-03-28 10:15:00 EDT,LABCORP,1,5,6
2020-03-28 10:15:00 EDT,MARTIN MEMORIAL MEDICAL CENTER LAB,0,5,5
2020-03-28 10:15:00 EDT,NEW YORK STATE ELR - DEPARTMENT OF CLINICAL LABS,5,0,5
2020-03-28 10:15:00 EDT,MEMORIAL HOSPITAL JACKSONVILLE,0,5,5
2020-03-28 10:15:00 EDT,NEW YORK STATE ELR - WADSWORTH HEALTH CENTER,5,0,5
2020-03-28 10:15:00 EDT,CAPE CORAL HOSPITAL CLINICAL LABORATORY,0,5,5
2020-03-28 10:15:00 EDT,QUEST DIAGNOSTICS-MIAMI,0,5,5
2020-03-28 10:15:00 EDT,BAPTIST HEALTH SOUTH FLORIDA,0,5,5
2020-03-28 10:15:00 EDT,"QUEST DIAGNOSTIC CLINICAL LABORATORIES, INC",3,2,5
2020-03-28 10:15:00 EDT,ADVENT HEALTH DAYTONA,1,3,4
2020-03-28 10:15:00 EDT,QUEST DIAGNOSTICS NICHOLS INSTITUTE- LPP,0,4,4
2020-03-28 10:15:00 EDT,VAMC ORLANDO,0,4,4
2020-03-28 10:15:00 EDT,VA MEDICAL CENTER,0,4,4
2020-03-28 10:15:00 EDT,UNIVERSITY OF MIAMI HOSPITAL & CLINICS,3,1,4
2020-03-28 10:15:00 EDT,NEW YORK STATE ELR - NEW YORK HOSPITAL LABORATORIES,3,1,4
2020-03-28 10:15:00 EDT,SOUTH LAKE HOSPITAL,0,4,4
2020-03-28 10:15:00 EDT,SACRED HEART-EMERALD COAST,0,4,4
2020-03-28 10:15:00 EDT,COMMUNITY HEALTH OF SOUTH FLORIDA,0,4,4
2020-03-28 10:15:00 EDT,FLORIDA HOSPITAL ZEPHYRHILLS,4,0,4
2020-03-28 10:15:00 EDT,BMHSI-AEL MICROBIOLOGY LABORATORY,3,1,4
2020-03-28 10:15:00 EDT,BAPTIST EMERGENCY CENTER CLAY,3,1,4
2020-03-28 10:15:00 EDT,HOLMES REGIONAL MEDICAL CENTER,3,1,4
2020-03-28 10:15:00 EDT,LAB CORP,2,2,4
2020-03-28 10:15:00 EDT,MORTON PLANT HOSPITAL,0,4,4
2020-03-28 10:15:00 EDT,LABCORP BURLINGTON (LPP),0,4,4
2020-03-28 10:15:00 EDT,MICROGEN DX,0,4,4
2020-03-28 10:15:00 EDT,POINCIANA MEDICAL CENTER,2,1,3
2020-03-28 10:15:00 EDT,HIGHLANDS REGIONAL MEDICAL CENTER,3,0,3
2020-03-28 10:15:00 EDT,MACDILL AFB HOSPITAL,0,3,3
2020-03-28 10:15:00 EDT,LEE MEMORIAL LAB GULF COAST,0,3,3
2020-03-28 10:15:00 EDT,ORLANDO VAMC,1,2,3
2020-03-28 10:15:00 EDT,USAFSAM/PHE,1,2,3
2020-03-28 10:15:00 EDT,OAK HILL HOSPITAL,0,3,3
2020-03-28 10:15:00 EDT,TGH,0,3,3
2020-03-28 10:15:00 EDT,MEMORIAL REGIONAL HOSPITAL CLINICAL LABORATORY,0,3,3
2020-03-28 10:15:00 EDT,STEWARD REFERENCE LABORATORY,0,3,3
2020-03-28 10:15:00 EDT,ST JOSEPHS NORTH HOSPITAL LAB,3,0,3
2020-03-28 10:15:00 EDT,AMERICAN ESOTERIC LABORATORIES,0,3,3
2020-03-28 10:15:00 EDT,FISHERMENS HOSPITAL CLINICAL LAB,3,0,3
2020-03-28 10:15:00 EDT,ST. ANTHONY'S HOSPITAL,0,3,3
2020-03-28 10:15:00 EDT,NEW YORK STATE ELR - NORTH SHORE LONG ISLAND JEWISH HEALTH,2,1,3
2020-03-28 10:15:00 EDT,PHYSICIANS STAT LAB,0,2,2
2020-03-28 10:15:00 EDT,FLORIDA DEPT OF HEALTH,2,0,2
2020-03-28 10:15:00 EDT,DOCTORS HOSPITAL OF SARASOTA CLINICAL LABORATORY,0,2,2
2020-03-28 10:15:00 EDT,SEBASTIAN RIVER MEDICAL CENTER,2,0,2
2020-03-28 10:15:00 EDT,QUEST DIAGNOSTICS NICHOLS INSTITUTE - SJC (LPP),1,1,2
2020-03-28 10:15:00 EDT,QUEST DIAGNOSTICS WOOD DALE,2,0,2
2020-03-28 10:15:00 EDT,HALIFAX MEDICAL CENTER LAB,1,1,2
2020-03-28 10:15:00 EDT,SACRED HEART AT EMERALD COAST,0,2,2
2020-03-28 10:15:00 EDT,JACKSON NORTH MEDICAL CENTER,0,2,2
2020-03-28 10:15:00 EDT,QUEST DIAGNOSTIC INC,0,2,2
2020-03-28 10:15:00 EDT,INTEGRATED REGIONAL LABORATORIES LLP,0,2,2
2020-03-28 10:15:00 EDT,WHITE WILSON MEDICAL CENTER CLINIC,0,2,2
2020-03-28 10:15:00 EDT,ORLANDO VA MEDICAL CENTER,0,2,2
2020-03-28 10:15:00 EDT,VAMC WEST PALM LAB,0,2,2
2020-03-28 10:15:00 EDT,MEMORIAL HOSPITAL MICRO,0,2,2
2020-03-28 10:15:00 EDT,LEESBURG REGIONAL MEDICAL CENTER,1,1,2
2020-03-28 10:15:00 EDT,MEDICAL CENTER OF TRINITY CLINICAL LABORATORY,0,2,2
2020-03-28 10:15:00 EDT,BIOCOLLECTION WORLDWIDE INC,0,2,2
2020-03-28 10:15:00 EDT,AdventHealth Lab,0,2,2
2020-03-28 10:15:00 EDT,ADVENTHEALTH TAMPA,0,2,2
2020-03-28 10:15:00 EDT,NEW YORK STATE ELR - QUEST DIAGNOSTICS INCORPORATED,2,0,2
2020-03-28 10:15:00 EDT,NEW YORK STATE ELR - NEW YORK PRESBYTERIAN HOSPITAL CUMC CLINICAL,2,0,2
2020-03-28 10:15:00 EDT,CORE DIAGNOSTIC LABORATORIES,0,1,1
2020-03-28 10:15:00 EDT,CAROMONT HEALTH,0,1,1
2020-03-28 10:15:00 EDT,WEST VIRGINIA UNIVERSITY HOSPITALS,0,1,1
2020-03-28 10:15:00 EDT,DOH JACKSONVILLE CENTRAL LABORATORY,1,0,1
2020-03-28 10:15:00 EDT,MORTON PLANT HOSPITAL/LAB,0,1,1
2020-03-28 10:15:00 EDT,ENGLEWOOD COMMUNITY HOSPITAL,0,1,1
2020-03-28 10:15:00 EDT,ST JOSEPHS HOSPITAL,0,1,1
2020-03-28 10:15:00 EDT,AIT LABORATORIES,0,1,1
2020-03-28 10:15:00 EDT,WESTCHESTER HOSPITAL,1,0,1
2020-03-28 10:15:00 EDT,ST PETERSBURG GENERAL HOSPITAL,0,1,1
2020-03-28 10:15:00 EDT,ST JUDE CHILDREN'S RESEARCH HOSPITAL,1,0,1
2020-03-28 10:15:00 EDT,ST LUCIE MEDICAL CENTER,1,0,1
2020-03-28 10:15:00 EDT,AZALEA HEALTH,0,1,1
2020-03-28 10:15:00 EDT,VA HOSPITAL,0,1,1
2020-03-28 10:15:00 EDT,UNKNOWN,0,1,1
2020-03-28 10:15:00 EDT,TAMPA GENERAL HOSPITAL CLINICAL LAB,0,1,1
2020-03-28 10:15:00 EDT,BLAKE MEDICAL CENTER,0,1,1
2020-03-28 10:15:00 EDT,BETHESDA HOSPITAL EAST,0,1,1
2020-03-28 10:15:00 EDT,UAB,0,1,1
2020-03-28 10:15:00 EDT,BAYFRONT HEALTH PUNTA GORDA,0,1,1
2020-03-28 10:15:00 EDT,BAYFRONT MEDICAL CENTER/DEPARTMENT OF PATHOLOGY,0,1,1
2020-03-28 10:15:00 EDT,CALIFORNIA PUBLIC HEALTH LABORATORY,0,1,1
2020-03-28 10:15:00 EDT,VIERA HOSPITAL,0,1,1
2020-03-28 10:15:00 EDT,STATE LAB,1,0,1
2020-03-28 10:15:00 EDT,BIOREFERENCE LABORATORIES,1,0,1
2020-03-28 10:15:00 EDT,BAYCARE ESOTERIC DI RESULTS SS,0,1,1
2020-03-28 10:15:00 EDT,BAYCARE OUTREACH LABORATORY,0,1,1
2020-03-28 10:15:00 EDT,SUNRISE MEDICAL LABORATORIES,0,1,1
2020-03-28 10:15:00 EDT,BRANDON REGIONAL HOSPITAL,0,1,1
2020-03-28 10:15:00 EDT,SOUTH MIAMI HOSPITAL,0,1,1
2020-03-28 10:15:00 EDT,LECONTE MEDICAL CENTER LAB,1,0,1
2020-03-28 10:15:00 EDT,LARKIN COMMUNITY HOSPITAL,0,1,1
2020-03-28 10:15:00 EDT,ORLANDO REGIONAL MEDICAL CENTER,0,1,1
2020-03-28 10:15:00 EDT,LEE MEMORIAL HOSPITAL LAB,0,1,1
2020-03-28 10:15:00 EDT,LEE HEALTH-COCONUT POINT LAB,0,1,1
2020-03-28 10:15:00 EDT,LABCORP PHOENIX,0,1,1
2020-03-28 10:15:00 EDT,PENNSYLVANIA DEPARTMENT OF HEALTH BUREAU OF LABORATORIES,0,1,1
2020-03-28 10:15:00 EDT,LARGO MEDICAL CENTER,0,1,1
2020-03-28 10:15:00 EDT,PALM BAY HOSPITAL,1,0,1
2020-03-28 10:15:00 EDT,PALMETTO GENERAL HOSPITAL LAB,1,0,1
2020-03-28 10:15:00 EDT,NORTHSIDE HOSPITAL AND HEART INSTITUTE,0,1,1
2020-03-28 10:15:00 EDT,MHS LAB,1,0,1
2020-03-28 10:15:00 EDT,NEW YORK STATE ELR - MONTEFIORE MEDICAL CENTER LABORATORIES - MOSES,1,0,1
2020-03-28 10:15:00 EDT,NCH HEALTHCARE SYSTEM MICROBIOLOGY LAB,0,1,1
2020-03-28 10:15:00 EDT,MOUNT SINAI MEDICAL CENTER,0,1,1
2020-03-28 10:15:00 EDT,MRHS LAB,0,1,1
2020-03-28 10:15:00 EDT,NICHOLS INSTITUTE QUEST DIAGNOSTICS,0,1,1
2020-03-28 10:15:00 EDT,NORTH BROWARD MEDICAL CENTER,0,1,1
2020-03-28 10:15:00 EDT,NEW YORK STATE ELR - ROCHESTER GENERAL HOSPITAL LABORATORY,1,0,1
2020-03-28 10:15:00 EDT,NEW YORK STATE ELR - NEW YORK CITY DEPARTMENT OF HEALTH & MENTAL,1,0,1
2020-03-28 10:15:00 EDT,MACDILL AIRFORCE BASE MICRO,0,1,1
2020-03-28 10:15:00 EDT,PHYSICIANS REGIONAL MEDICAL CENTER - COLLIER BLVD,0,1,1
2020-03-28 10:15:00 EDT,SARASOTA CO. HEALTH DEPT # 58,1,0,1
2020-03-28 10:15:00 EDT,FLORIDA DEPARTMENT OF HEALTH,1,0,1
2020-03-28 10:15:00 EDT,SACRED HEART LABORATORY AT PENSACOLA,0,1,1
2020-03-28 10:15:00 EDT,FORT WALTON BEACH MEDICAL CENTER,0,1,1
2020-03-28 10:15:00 EDT,FLORIDA HOSPITAL HEARTLAND MED CTR LAKE PLACID,0,1,1
2020-03-28 10:15:00 EDT,SOLARIS DIAGNOSTICS,0,1,1
2020-03-28 10:15:00 EDT,FAWCETT MEMORIAL HOSPITAL-LAB,0,1,1
2020-03-28 10:15:00 EDT,FL PHL TAMPA,1,0,1
2020-03-28 10:15:00 EDT,SCDHEC BUREAU OF LABORATORIES,0,1,1
2020-03-28 10:15:00 EDT,FLAGLER HOSPITAL,0,1,1
2020-03-28 10:15:00 EDT,REMISE OCCUPATIONAL HEALTH SOLUTIONS INC,0,1,1
2020-03-28 10:15:00 EDT,INTEGRATED REGIONAL LABORATORIES,0,1,1
2020-03-28 10:15:00 EDT,INDIAN RIVER MEDICAL CENTER LAB,0,1,1
2020-03-28 10:15:00 EDT,INTERCOASTAL MEDICAL GROUP,0,1,1
2020-03-28 10:15:00 EDT,LABCORP - MIAMI,0,1,1
2020-03-28 10:15:00 EDT,JACKSON MEMORIAL HOSPITAL,0,1,1
2020-03-28 10:15:00 EDT,QUESTDIAGNOSTICS INCORPORATED,0,1,1
2020-03-28 10:15:00 EDT,GESSLER CLINIC,0,1,1
2020-03-28 10:15:00 EDT,GULF COAST MEDICAL CENTER MICROLAB,0,1,1
2020-03-28 10:15:00 EDT,QUEST DIAGNOSTICS INFECTIOUS DISEASE INC,0,1,1
2020-03-28 10:15:00 EDT,HEALTH CENTRAL HOSPITAL,0,1,1
2020-03-28 17:47:00 EDT,QUEST DIAGNOSTICS - TAMPA,11343,954,NA
2020-03-28 17:47:00 EDT,LABORATORY CORPORATION OF AMERICA,6112,535,6647
2020-03-28 17:47:00 EDT,"QUEST DIAGNOSTICS NICHOLS INSTITUTE, INC.",2471,184,2655
2020-03-28 17:47:00 EDT,ADVENT HEALTH LAB,2355,238,2593
2020-03-28 17:47:00 EDT,"BIO REFERENCE LABORATORIES, INC",2225,347,2572
2020-03-28 17:47:00 EDT,MEMORIAL REGIONAL HOSPITAL SOUTH,1819,330,2149
2020-03-28 17:47:00 EDT,BPHL-JACKSONVILLE,1877,253,2130
2020-03-28 17:47:00 EDT,BPHL-MIAMI,1595,310,1905
2020-03-28 17:47:00 EDT,BPHL-TAMPA (SPECTRUM BLVD),1640,206,1846
2020-03-28 17:47:00 EDT,MAYO CLINIC LABORATORIES,1620,115,1735
2020-03-28 17:47:00 EDT,SHANDS AT THE UNIVERSITY OF FLORIDA,1504,73,1577
2020-03-28 17:47:00 EDT,TAMPA GENERAL HOSPITAL,1437,79,1516
2020-03-28 17:47:00 EDT,BAYCARE LABORATORIES LLC,745,44,789
2020-03-28 17:47:00 EDT,BAPTIST HOSPITAL OF MIAMI CLINICAL LABORATORY,601,75,676
2020-03-28 17:47:00 EDT,SACRED HEART HOSPITAL LABORATORY,468,38,506
2020-03-28 17:47:00 EDT,UNIVERSITY OF MIAMI HOSPITAL,239,65,304
2020-03-28 17:47:00 EDT,SOUTH MIAMI HOSPITAL LAB,225,40,265
2020-03-28 17:47:00 EDT,QUEST DIAGNOSTICS NICHOLS INSTITUTE - SJC (ELR),223,41,264
2020-03-28 17:47:00 EDT,CLEVELAND CLINIC HOSPITAL LAB,210,45,255
2020-03-28 17:47:00 EDT,SARASOTA MEMORIAL HOSPITAL MAIN LAB,229,25,254
2020-03-28 17:47:00 EDT,ST JOSEPHS HOSPITAL LABORATORY,209,26,235
2020-03-28 17:47:00 EDT,NAPLES COMMUNITY HOSPITAL,181,14,195
2020-03-28 17:47:00 EDT,WEST KENDALL BAPTIST HOSPITAL LABORATORY,156,33,189
2020-03-28 17:47:00 EDT,FLORIDA HOSPITAL - TAMPA,124,6,130
2020-03-28 17:47:00 EDT,FLORIDA HOSPITAL WATERMAN LABORATORY,119,5,124
2020-03-28 17:47:00 EDT,QUEST DIAGNOSTICS NICHOLS INSTITUTE,118,3,121
2020-03-28 17:47:00 EDT,DOCTORS HOSPITAL,87,32,119
2020-03-28 17:47:00 EDT,VIRACOR-EUROFINS LABORATORIES,68,30,98
2020-03-28 17:47:00 EDT,ARUP LABORATORIES,87,10,97
2020-03-28 17:47:00 EDT,MORTON PLANT HOSPITAL-ADLER INSTITUTE,88,4,92
2020-03-28 17:47:00 EDT,BAPTIST MEDICAL CENTER JACKSONVILLE,83,3,86
2020-03-28 17:47:00 EDT,HOMESTEAD HOSPITAL CLINICAL LABORATORY,75,10,85
2020-03-28 17:47:00 EDT,AVENTURA HOSPITAL LAB,48,32,80
2020-03-28 17:47:00 EDT,JFK MEDICAL CENTER LAB,39,40,79
2020-03-28 17:47:00 EDT,ST JOSEPHS HOSPITAL SOUTH LABORATORY,74,1,75
2020-03-28 17:47:00 EDT,LARKIN COMMUNITY HOSP.,69,1,70
2020-03-28 17:47:00 EDT,LAWNWOOD REGIONAL MEDICAL CENTER,65,0,65
2020-03-28 17:47:00 EDT,WESTSIDE REGIONAL MED CTR,42,15,57
2020-03-28 17:47:00 EDT,ST ANTHONY'S HOSPITAL LAB,49,1,50
2020-03-28 17:47:00 EDT,SHANDS JACKSONVILLE MEDICAL CENTER INC,46,1,47
2020-03-28 17:47:00 EDT,NICKLAUS CHILDREN'S HOSPITAL,41,2,43
2020-03-28 17:47:00 EDT,TALLAHASSEE MEMORIAL HOSPITAL,38,5,43
2020-03-28 17:47:00 EDT,ADVENTHEALTH DAYTONA BEACH,38,4,42
2020-03-28 17:47:00 EDT,WINTER HAVEN HOSPITAL CLINICAL LABORATORY,40,1,41
2020-03-28 17:47:00 EDT,BAPTIST HOSPITAL LABORATORY,36,4,40
2020-03-28 17:47:00 EDT,UNIVERSITY HOSPITAL AND MEDICAL CENTER,33,6,39
2020-03-28 17:47:00 EDT,NCH NORTH NAPLES HOSPITAL LAB,37,2,39
2020-03-28 17:47:00 EDT,WELLINGTON REGIONAL MED CTR LAB,32,3,35
2020-03-28 17:47:00 EDT,OSCEOLA REGIONAL MEDICAL CENTER,31,2,33
2020-03-28 17:47:00 EDT,MERCY HOSPITAL A CAMPUS OF PLANTATION GEN HOSP LAB,21,11,32
2020-03-28 17:47:00 EDT,BIOCOLLECTION WORLDWIDE INC,0,32,32
2020-03-28 17:47:00 EDT,UF PATHLABS,30,1,31
2020-03-28 17:47:00 EDT,QUEST DIAGNOSTICS - MIRAMAR,1,29,30
2020-03-28 17:47:00 EDT,DIATHERIX LABORATORIES,4,26,30
2020-03-28 17:47:00 EDT,QUEST DIAGNOSTICS,19,11,30
2020-03-28 17:47:00 EDT,ORLANDO HEALTH,0,29,29
2020-03-28 17:47:00 EDT,FLORIDA HOSPITAL FLAGLER,24,2,26
2020-03-28 17:47:00 EDT,CDC,17,9,26
2020-03-28 17:47:00 EDT,JUPITER MEDICAL CENTER LAB,13,13,26
2020-03-28 17:47:00 EDT,QUEST,3,23,26
2020-03-28 17:47:00 EDT,Capital Regional Medical Ctr,24,0,24
2020-03-28 17:47:00 EDT,ST VINCENT'S MEDICAL CENTER - SOUTHSIDE,21,2,23
2020-03-28 17:47:00 EDT,CENTRAL FLORIDA REGIONAL HOSPITAL,19,4,23
2020-03-28 17:47:00 EDT,FLORIDA HOSPITAL FISH MEMORIAL,21,1,22
2020-03-28 17:47:00 EDT,SACRED HEART HEALTH SYSTEM,0,21,21
2020-03-28 17:47:00 EDT,LABCORP BURLINGTON (ELR),5,16,21
2020-03-28 17:47:00 EDT,CLINICORE LABS,19,2,21
2020-03-28 17:47:00 EDT,BAPTIST MEDICAL CENTER - BEACHES,20,0,20
2020-03-28 17:47:00 EDT,NEMOURS CHILDRENS HOSPITAL,20,0,20
2020-03-28 17:47:00 EDT,NCH NORTHEAST,17,2,19
2020-03-28 17:47:00 EDT,PLANTATION GENERAL HOSPITAL,15,4,19
2020-03-28 17:47:00 EDT,TENNESSEE DOH - NASHVILLE,14,4,18
2020-03-28 17:47:00 EDT,GULF BREEZE HOSPITAL LAB,15,3,18
2020-03-28 17:47:00 EDT,OVIEDO MEDICAL CENTER,17,0,17
2020-03-28 17:47:00 EDT,NORTHWEST MEDICAL CENTER,13,3,16
2020-03-28 17:47:00 EDT,QUEST DIAGNOSTICS - ATLANTA,16,0,16
2020-03-28 17:47:00 EDT,STVINCENTS CLAY CNTY,15,0,15
2020-03-28 17:47:00 EDT,FLORIDA HOSPITAL HEARTLAND MED CTR CLINICAL LAB,14,1,15
2020-03-28 17:47:00 EDT,FLORIDA HOSPITAL WESLEY CHAPEL,15,0,15
2020-03-28 17:47:00 EDT,LAKEWOOD RANCH MEDICAL CENTER,12,3,15
2020-03-28 17:47:00 EDT,DELRAY MEDICAL CENTER,13,2,15
2020-03-28 17:47:00 EDT,MARINERS HOSPITAL,12,1,13
2020-03-28 17:47:00 EDT,FLORIDA HOSPITAL NORTH PINELLAS,13,0,13
2020-03-28 17:47:00 EDT,BAYCARE LAB,0,13,13
2020-03-28 17:47:00 EDT,QUEST DIAGNOSTICS - WEST HILLS,12,1,13
2020-03-28 17:47:00 EDT,BIO COLLECTIONS INC,0,13,13
2020-03-28 17:47:00 EDT,ST VINCENT'S MEDICAL CENTER - RIVERSIDE,11,1,12
2020-03-28 17:47:00 EDT,JACKSON MEMORIAL HOSPITAL CLINICAL LAB,0,12,12
2020-03-28 17:47:00 EDT,BUREAU OF CLINICAL LABORATORIES,11,0,11
2020-03-28 17:47:00 EDT,ARUP,0,10,10
2020-03-28 17:47:00 EDT,FLORIDA HOSPITAL OF CARROLLWOOD,9,1,10
2020-03-28 17:47:00 EDT,WEST PALM HOSPITAL LAB,6,4,10
2020-03-28 17:47:00 EDT,FLORIDA HOSPITAL DELAND,7,2,9
2020-03-28 17:47:00 EDT,LABONE LLC DBA QUEST DIAGNOSTICS,6,2,8
2020-03-28 17:47:00 EDT,SACRED HEART HOSPITAL ON THE GULF,8,0,8
2020-03-28 17:47:00 EDT,PALMS WEST HOSPITAL LAB,5,2,7
2020-03-28 17:47:00 EDT,ORANGE PARK MEDICAL CENTER,5,2,7
2020-03-28 17:47:00 EDT,QUEST DIAGNOSTIC,0,7,7
2020-03-28 17:47:00 EDT,BAPTIST MEDICAL CENTER - NASSAU,7,0,7
2020-03-28 17:47:00 EDT,NCH HEALTHCARE BONITA,7,0,7
2020-03-28 17:47:00 EDT,CITRUS MEMORIAL HOSPITAL LABORATORY,7,0,7
2020-03-28 17:47:00 EDT,ST VINCENTS - CLAY COUNTY,3,3,6
2020-03-28 17:47:00 EDT,MANATEE MEMORIAL HOSPITAL,6,0,6
2020-03-28 17:47:00 EDT,UHEALTH CORAL GABLES/LENNAR MED CTR,6,0,6
2020-03-28 17:47:00 EDT,EGLIN AIRFORCE BASE LAB,0,6,6
2020-03-28 17:47:00 EDT,"QUEST DIAGNOSTIC CLINICAL LABORATORIES, INC",4,2,6
2020-03-28 17:47:00 EDT,PALO ALTO VA MEDICAL CENTER,0,6,6
2020-03-28 17:47:00 EDT,LABCORP,1,5,6
2020-03-28 17:47:00 EDT,RAULERSON HOSPITAL,6,0,6
2020-03-28 17:47:00 EDT,NEW YORK STATE ELR - DEPARTMENT OF CLINICAL LABS,5,0,5
2020-03-28 17:47:00 EDT,BAPTIST HEALTH SOUTH FLORIDA,0,5,5
2020-03-28 17:47:00 EDT,UNIVERSITY OF MIAMI HOSPITAL & CLINICS,4,1,5
2020-03-28 17:47:00 EDT,CAPE CORAL HOSPITAL CLINICAL LABORATORY,0,5,5
2020-03-28 17:47:00 EDT,MEMORIAL HOSPITAL JACKSONVILLE,0,5,5
2020-03-28 17:47:00 EDT,BIOREFERENCE LABORATORIES,1,4,5
2020-03-28 17:47:00 EDT,NEW YORK STATE ELR - WADSWORTH HEALTH CENTER,5,0,5
2020-03-28 17:47:00 EDT,QUEST DIAGNOSTICS-MIAMI,0,5,5
2020-03-28 17:47:00 EDT,MARTIN MEMORIAL MEDICAL CENTER LAB,0,5,5
2020-03-28 17:47:00 EDT,QUEST DIAGNOSTICS NICHOLS INSTITUTE- LPP,0,4,4
2020-03-28 17:47:00 EDT,VAMC ORLANDO,0,4,4
2020-03-28 17:47:00 EDT,SOUTH LAKE HOSPITAL,0,4,4
2020-03-28 17:47:00 EDT,NEW YORK STATE ELR - NEW YORK HOSPITAL LABORATORIES,3,1,4
2020-03-28 17:47:00 EDT,SACRED HEART-EMERALD COAST,0,4,4
2020-03-28 17:47:00 EDT,VA MEDICAL CENTER,0,4,4
2020-03-28 17:47:00 EDT,MORTON PLANT HOSPITAL,0,4,4
2020-03-28 17:47:00 EDT,BAPTIST EMERGENCY CENTER CLAY,3,1,4
2020-03-28 17:47:00 EDT,COMMUNITY HEALTH OF SOUTH FLORIDA,0,4,4
2020-03-28 17:47:00 EDT,FLORIDA HOSPITAL ZEPHYRHILLS,4,0,4
2020-03-28 17:47:00 EDT,BMHSI-AEL MICROBIOLOGY LABORATORY,3,1,4
2020-03-28 17:47:00 EDT,HOLMES REGIONAL MEDICAL CENTER,3,1,4
2020-03-28 17:47:00 EDT,LAB CORP,2,2,4
2020-03-28 17:47:00 EDT,LABCORP BURLINGTON (LPP),0,4,4
2020-03-28 17:47:00 EDT,ADVENT HEALTH DAYTONA,1,3,4
2020-03-28 17:47:00 EDT,MICROGEN DX,0,4,4
2020-03-28 17:47:00 EDT,MACDILL AFB HOSPITAL,0,3,3
2020-03-28 17:47:00 EDT,HIGHLANDS REGIONAL MEDICAL CENTER,3,0,3
2020-03-28 17:47:00 EDT,ORLANDO VAMC,1,2,3
2020-03-28 17:47:00 EDT,LEE MEMORIAL LAB GULF COAST,0,3,3
2020-03-28 17:47:00 EDT,OAK HILL HOSPITAL,0,3,3
2020-03-28 17:47:00 EDT,FISHERMENS HOSPITAL CLINICAL LAB,3,0,3
2020-03-28 17:47:00 EDT,STEWARD REFERENCE LABORATORY,0,3,3
2020-03-28 17:47:00 EDT,MEMORIAL REGIONAL HOSPITAL CLINICAL LABORATORY,0,3,3
2020-03-28 17:47:00 EDT,TGH,0,3,3
2020-03-28 17:47:00 EDT,ST JOSEPHS NORTH HOSPITAL LAB,3,0,3
2020-03-28 17:47:00 EDT,POINCIANA MEDICAL CENTER,2,1,3
2020-03-28 17:47:00 EDT,ST. ANTHONY'S HOSPITAL,0,3,3
2020-03-28 17:47:00 EDT,USAFSAM/PHE,1,2,3
2020-03-28 17:47:00 EDT,NEW YORK STATE ELR - NORTH SHORE LONG ISLAND JEWISH HEALTH,2,1,3
2020-03-28 17:47:00 EDT,AMERICAN ESOTERIC LABORATORIES,0,3,3
2020-03-28 17:47:00 EDT,JACKSON NORTH MEDICAL CENTER,0,2,2
2020-03-28 17:47:00 EDT,PHYSICIANS STAT LAB,0,2,2
2020-03-28 17:47:00 EDT,QUEST DIAGNOSTIC INC,0,2,2
2020-03-28 17:47:00 EDT,FLORIDA DEPT OF HEALTH,2,0,2
2020-03-28 17:47:00 EDT,SACRED HEART AT EMERALD COAST,0,2,2
2020-03-28 17:47:00 EDT,DOCTORS HOSPITAL OF SARASOTA CLINICAL LABORATORY,0,2,2
2020-03-28 17:47:00 EDT,SEBASTIAN RIVER MEDICAL CENTER,2,0,2
2020-03-28 17:47:00 EDT,QUEST DIAGNOSTICS NICHOLS INSTITUTE - SJC (LPP),1,1,2
2020-03-28 17:47:00 EDT,INTEGRATED REGIONAL LABORATORIES LLP,0,2,2
2020-03-28 17:47:00 EDT,QUEST DIAGNOSTICS WOOD DALE,2,0,2
2020-03-28 17:47:00 EDT,HALIFAX MEDICAL CENTER LAB,1,1,2
2020-03-28 17:47:00 EDT,MEMORIAL HOSPITAL MICRO,0,2,2
2020-03-28 17:47:00 EDT,ADVENTHEALTH TAMPA,0,2,2
2020-03-28 17:47:00 EDT,WHITE WILSON MEDICAL CENTER CLINIC,0,2,2
2020-03-28 17:47:00 EDT,AdventHealth Lab,0,2,2
2020-03-28 17:47:00 EDT,LEESBURG REGIONAL MEDICAL CENTER,1,1,2
2020-03-28 17:47:00 EDT,MEMORIAL HOSPITAL PEMBROKE,0,2,2
2020-03-28 17:47:00 EDT,VAMC WEST PALM LAB,0,2,2
2020-03-28 17:47:00 EDT,ORLANDO VA MEDICAL CENTER,0,2,2
2020-03-28 17:47:00 EDT,MORTON PLANT HOSPITAL/LAB,0,2,2
2020-03-28 17:47:00 EDT,NEW YORK STATE ELR - QUEST DIAGNOSTICS INCORPORATED,2,0,2
2020-03-28 17:47:00 EDT,NEW YORK STATE ELR - NEW YORK PRESBYTERIAN HOSPITAL CUMC CLINICAL,2,0,2
2020-03-28 17:47:00 EDT,MEDICAL CENTER OF TRINITY CLINICAL LABORATORY,0,2,2
2020-03-28 17:47:00 EDT,WESTCHESTER HOSPITAL,1,0,1
2020-03-28 17:47:00 EDT,WEST VIRGINIA UNIVERSITY HOSPITALS,0,1,1
2020-03-28 17:47:00 EDT,CAROMONT HEALTH,0,1,1
2020-03-28 17:47:00 EDT,CORE DIAGNOSTIC LABORATORIES,0,1,1
2020-03-28 17:47:00 EDT,ST JOSEPHS HOSPITAL,0,1,1
2020-03-28 17:47:00 EDT,DOH JACKSONVILLE CENTRAL LABORATORY,1,0,1
2020-03-28 17:47:00 EDT,SPRING HILL REGIONAL HOSPITAL,0,1,1
2020-03-28 17:47:00 EDT,ENGLEWOOD COMMUNITY HOSPITAL,0,1,1
2020-03-28 17:47:00 EDT,ST LUCIE MEDICAL CENTER,1,0,1
2020-03-28 17:47:00 EDT,ST PETERSBURG GENERAL HOSPITAL,0,1,1
2020-03-28 17:47:00 EDT,MHS LAB,1,0,1
2020-03-28 17:47:00 EDT,ST JUDE CHILDREN'S RESEARCH HOSPITAL,1,0,1
2020-03-28 17:47:00 EDT,VA HOSPITAL,0,1,1
2020-03-28 17:47:00 EDT,UNKNOWN,0,1,1
2020-03-28 17:47:00 EDT,BLAKE MEDICAL CENTER,0,1,1
2020-03-28 17:47:00 EDT,BAYCARE ESOTERIC DI RESULTS SS,0,1,1
2020-03-28 17:47:00 EDT,BAYCARE OUTREACH LAB,0,1,1
2020-03-28 17:47:00 EDT,UAB,0,1,1
2020-03-28 17:47:00 EDT,BETHESDA HOSPITAL EAST,0,1,1
2020-03-28 17:47:00 EDT,BAYCARE OUTREACH LABORATORY,0,1,1
2020-03-28 17:47:00 EDT,BAYFRONT HEALTH PUNTA GORDA,0,1,1
2020-03-28 17:47:00 EDT,BAYFRONT MEDICAL CENTER/DEPARTMENT OF PATHOLOGY,0,1,1
2020-03-28 17:47:00 EDT,CALIFORNIA PUBLIC HEALTH LABORATORY,0,1,1
2020-03-28 17:47:00 EDT,STATE LAB,1,0,1
2020-03-28 17:47:00 EDT,AIT LABORATORIES,0,1,1
2020-03-28 17:47:00 EDT,AZALEA HEALTH,0,1,1
2020-03-28 17:47:00 EDT,VIERA HOSPITAL,0,1,1
2020-03-28 17:47:00 EDT,TAMPA GENERAL HOSPITAL CLINICAL LAB,0,1,1
2020-03-28 17:47:00 EDT,SUNRISE MEDICAL LABORATORIES,0,1,1
2020-03-28 17:47:00 EDT,BRANDON REGIONAL HOSPITAL,0,1,1
2020-03-28 17:47:00 EDT,LECONTE MEDICAL CENTER LAB,1,0,1
2020-03-28 17:47:00 EDT,LARKIN COMMUNITY HOSPITAL,0,1,1
2020-03-28 17:47:00 EDT,ORLANDO REGIONAL MEDICAL CENTER,0,1,1
2020-03-28 17:47:00 EDT,LEE MEMORIAL HOSPITAL LAB,0,1,1
2020-03-28 17:47:00 EDT,LEE HEALTH-COCONUT POINT LAB,0,1,1
2020-03-28 17:47:00 EDT,PALM BAY HOSPITAL,1,0,1
2020-03-28 17:47:00 EDT,PENNSYLVANIA DEPARTMENT OF HEALTH BUREAU OF LABORATORIES,0,1,1
2020-03-28 17:47:00 EDT,PHYSICIANS REGIONAL MEDICAL CENTER - COLLIER BLVD,0,1,1
2020-03-28 17:47:00 EDT,LABCORP PHOENIX,0,1,1
2020-03-28 17:47:00 EDT,PALMETTO GENERAL HOSPITAL LAB,1,0,1
2020-03-28 17:47:00 EDT,LARGO MEDICAL CENTER,0,1,1
2020-03-28 17:47:00 EDT,MAYO CLINIC LABS - ROCHESTER SUPERIOR DRIVE,0,1,1
2020-03-28 17:47:00 EDT,NEW YORK STATE ELR - MONTEFIORE MEDICAL CENTER LABORATORIES - MOSES,1,0,1
2020-03-28 17:47:00 EDT,NCH HEALTHCARE SYSTEM MICROBIOLOGY LAB,0,1,1
2020-03-28 17:47:00 EDT,MOUNT SINAI MEDICAL CENTER,0,1,1
2020-03-28 17:47:00 EDT,MRHS LAB,0,1,1
2020-03-28 17:47:00 EDT,NEW YORK STATE ELR - NEW YORK CITY DEPARTMENT OF HEALTH & MENTAL,1,0,1
2020-03-28 17:47:00 EDT,NORTH BROWARD MEDICAL CENTER,0,1,1
2020-03-28 17:47:00 EDT,NORTHSIDE HOSPITAL AND HEART INSTITUTE,0,1,1
2020-03-28 17:47:00 EDT,NICHOLS INSTITUTE QUEST DIAGNOSTICS,0,1,1
2020-03-28 17:47:00 EDT,MACDILL AIRFORCE BASE MICRO,0,1,1
2020-03-28 17:47:00 EDT,NEW YORK STATE ELR - ROCHESTER GENERAL HOSPITAL LABORATORY,1,0,1
2020-03-28 17:47:00 EDT,SARASOTA CO. HEALTH DEPT # 58,1,0,1
2020-03-28 17:47:00 EDT,FLORIDA DEPARTMENT OF HEALTH,1,0,1
2020-03-28 17:47:00 EDT,SACRED HEART LABORATORY AT PENSACOLA,0,1,1
2020-03-28 17:47:00 EDT,FORT WALTON BEACH MEDICAL CENTER,0,1,1
2020-03-28 17:47:00 EDT,FLORIDA HOSPITAL HEARTLAND MED CTR LAKE PLACID,0,1,1
2020-03-28 17:47:00 EDT,SCDHEC BUREAU OF LABORATORIES,0,1,1
2020-03-28 17:47:00 EDT,FAWCETT MEMORIAL HOSPITAL-LAB,0,1,1
2020-03-28 17:47:00 EDT,SOUTH MIAMI HOSPITAL,0,1,1
2020-03-28 17:47:00 EDT,SOLARIS DIAGNOSTICS,0,1,1
2020-03-28 17:47:00 EDT,FLAGLER HOSPITAL,0,1,1
2020-03-28 17:47:00 EDT,FL PHL TAMPA,1,0,1
2020-03-28 17:47:00 EDT,INTEGRATED REGIONAL LABORATORIES,0,1,1
2020-03-28 17:47:00 EDT,INDIAN RIVER MEDICAL CENTER LAB,0,1,1
2020-03-28 17:47:00 EDT,INTERCOASTAL MEDICAL GROUP,0,1,1
2020-03-28 17:47:00 EDT,LABCORP - MIAMI,0,1,1
2020-03-28 17:47:00 EDT,JACKSON MEMORIAL HOSPITAL,0,1,1
2020-03-28 17:47:00 EDT,QUEST DIAGNOSTICS INFECTIOUS DISEASE INC,0,1,1
2020-03-28 17:47:00 EDT,GESSLER CLINIC,0,1,1
2020-03-28 17:47:00 EDT,REMISE OCCUPATIONAL HEALTH SOLUTIONS INC,0,1,1
2020-03-28 17:47:00 EDT,QUESTDIAGNOSTICS INCORPORATED,0,1,1
2020-03-28 17:47:00 EDT,HEALTH CENTRAL HOSPITAL,0,1,1
2020-03-28 17:47:00 EDT,GULF COAST MEDICAL CENTER MICROLAB,0,1,1
2020-03-29 10:02:00 EDT,QUEST DIAGNOSTICS - TAMPA,11343,954,NA
2020-03-29 10:02:00 EDT,LABORATORY CORPORATION OF AMERICA,6533,573,7106
2020-03-29 10:02:00 EDT,ADVENT HEALTH LAB,2825,289,3114
2020-03-29 10:02:00 EDT,"QUEST DIAGNOSTICS NICHOLS INSTITUTE, INC.",2471,184,2655
2020-03-29 10:02:00 EDT,"BIO REFERENCE LABORATORIES, INC",2225,347,2572
2020-03-29 10:02:00 EDT,MEMORIAL REGIONAL HOSPITAL SOUTH,2075,381,2456
2020-03-29 10:02:00 EDT,BPHL-JACKSONVILLE,1877,253,2130
2020-03-29 10:02:00 EDT,BPHL-MIAMI,1595,309,1904
2020-03-29 10:02:00 EDT,BPHL-TAMPA (SPECTRUM BLVD),1640,206,1846
2020-03-29 10:02:00 EDT,SHANDS AT THE UNIVERSITY OF FLORIDA,1708,83,1791
2020-03-29 10:02:00 EDT,MAYO CLINIC LABORATORIES,1620,115,1735
2020-03-29 10:02:00 EDT,TAMPA GENERAL HOSPITAL,1504,85,1589
2020-03-29 10:02:00 EDT,BAYCARE LABORATORIES LLC,828,55,883
2020-03-29 10:02:00 EDT,BAPTIST HOSPITAL OF MIAMI CLINICAL LABORATORY,628,92,720
2020-03-29 10:02:00 EDT,SACRED HEART HOSPITAL LABORATORY,597,42,639
2020-03-29 10:02:00 EDT,UNIVERSITY OF MIAMI HOSPITAL,270,80,350
2020-03-29 10:02:00 EDT,SOUTH MIAMI HOSPITAL LAB,234,61,295
2020-03-29 10:02:00 EDT,QUEST DIAGNOSTICS NICHOLS INSTITUTE - SJC (ELR),223,41,264
2020-03-29 10:02:00 EDT,SARASOTA MEMORIAL HOSPITAL MAIN LAB,235,25,260
2020-03-29 10:02:00 EDT,CLEVELAND CLINIC HOSPITAL LAB,210,45,255
2020-03-29 10:02:00 EDT,ST JOSEPHS HOSPITAL LABORATORY,210,26,236
2020-03-29 10:02:00 EDT,WEST KENDALL BAPTIST HOSPITAL LABORATORY,162,40,202
2020-03-29 10:02:00 EDT,NAPLES COMMUNITY HOSPITAL,181,14,195
2020-03-29 10:02:00 EDT,MORTON PLANT HOSPITAL-ADLER INSTITUTE,157,5,162
2020-03-29 10:02:00 EDT,FLORIDA HOSPITAL WATERMAN LABORATORY,150,5,155
2020-03-29 10:02:00 EDT,FLORIDA HOSPITAL - TAMPA,147,7,154
2020-03-29 10:02:00 EDT,DOCTORS HOSPITAL,89,34,123
2020-03-29 10:02:00 EDT,QUEST DIAGNOSTICS NICHOLS INSTITUTE,118,3,121
2020-03-29 10:02:00 EDT,VIRACOR-EUROFINS LABORATORIES,68,30,98
2020-03-29 10:02:00 EDT,ARUP LABORATORIES,87,10,97
2020-03-29 10:02:00 EDT,BAPTIST MEDICAL CENTER JACKSONVILLE,85,3,88
2020-03-29 10:02:00 EDT,HOMESTEAD HOSPITAL CLINICAL LABORATORY,77,11,88
2020-03-29 10:02:00 EDT,AVENTURA HOSPITAL LAB,48,39,87
2020-03-29 10:02:00 EDT,JFK MEDICAL CENTER LAB,39,41,80
2020-03-29 10:02:00 EDT,ST JOSEPHS HOSPITAL SOUTH LABORATORY,74,1,75
2020-03-29 10:02:00 EDT,LARKIN COMMUNITY HOSP.,69,1,70
2020-03-29 10:02:00 EDT,LAWNWOOD REGIONAL MEDICAL CENTER,65,1,66
2020-03-29 10:02:00 EDT,ADVENTHEALTH DAYTONA BEACH,54,6,60
2020-03-29 10:02:00 EDT,WESTSIDE REGIONAL MED CTR,42,17,59
2020-03-29 10:02:00 EDT,WINTER HAVEN HOSPITAL CLINICAL LABORATORY,57,1,58
2020-03-29 10:02:00 EDT,ST ANTHONY'S HOSPITAL LAB,51,1,52
2020-03-29 10:02:00 EDT,SHANDS JACKSONVILLE MEDICAL CENTER INC,46,3,49
2020-03-29 10:02:00 EDT,BAPTIST HOSPITAL LABORATORY,43,4,47
2020-03-29 10:02:00 EDT,TALLAHASSEE MEMORIAL HOSPITAL,40,5,45
2020-03-29 10:02:00 EDT,WELLINGTON REGIONAL MED CTR LAB,37,7,44
2020-03-29 10:02:00 EDT,NICKLAUS CHILDREN'S HOSPITAL,41,2,43
2020-03-29 10:02:00 EDT,UNIVERSITY HOSPITAL AND MEDICAL CENTER,33,6,39
2020-03-29 10:02:00 EDT,NCH NORTH NAPLES HOSPITAL LAB,37,2,39
2020-03-29 10:02:00 EDT,ST VINCENT'S MEDICAL CENTER - SOUTHSIDE,31,4,35
2020-03-29 10:02:00 EDT,MERCY HOSPITAL A CAMPUS OF PLANTATION GEN HOSP LAB,21,13,34
2020-03-29 10:02:00 EDT,FLORIDA HOSPITAL FISH MEMORIAL,29,5,34
2020-03-29 10:02:00 EDT,UF PATHLABS,32,1,33
2020-03-29 10:02:00 EDT,OSCEOLA REGIONAL MEDICAL CENTER,31,2,33
2020-03-29 10:02:00 EDT,BIOCOLLECTION WORLDWIDE INC,0,32,32
2020-03-29 10:02:00 EDT,QUEST DIAGNOSTICS,19,11,30
2020-03-29 10:02:00 EDT,QUEST DIAGNOSTICS - MIRAMAR,1,29,30
2020-03-29 10:02:00 EDT,JUPITER MEDICAL CENTER LAB,17,13,30
2020-03-29 10:02:00 EDT,DIATHERIX LABORATORIES,4,26,30
2020-03-29 10:02:00 EDT,ORLANDO HEALTH,0,29,29
2020-03-29 10:02:00 EDT,STVINCENTS CLAY CNTY,26,1,27
2020-03-29 10:02:00 EDT,FLORIDA HOSPITAL FLAGLER,24,2,26
2020-03-29 10:02:00 EDT,QUEST,3,23,26
2020-03-29 10:02:00 EDT,CDC,17,9,26
2020-03-29 10:02:00 EDT,Capital Regional Medical Ctr,25,1,26
2020-03-29 10:02:00 EDT,ST VINCENT'S MEDICAL CENTER - RIVERSIDE,22,3,25
2020-03-29 10:02:00 EDT,CENTRAL FLORIDA REGIONAL HOSPITAL,19,4,23
2020-03-29 10:02:00 EDT,FLORIDA HOSPITAL HEARTLAND MED CTR CLINICAL LAB,17,5,22
2020-03-29 10:02:00 EDT,SACRED HEART HEALTH SYSTEM,0,21,21
2020-03-29 10:02:00 EDT,CLINICORE LABS,19,2,21
2020-03-29 10:02:00 EDT,LABCORP BURLINGTON (ELR),5,16,21
2020-03-29 10:02:00 EDT,LAKEWOOD RANCH MEDICAL CENTER,17,3,20
2020-03-29 10:02:00 EDT,GULF BREEZE HOSPITAL LAB,17,3,20
2020-03-29 10:02:00 EDT,NEMOURS CHILDRENS HOSPITAL,20,0,20
2020-03-29 10:02:00 EDT,PLANTATION GENERAL HOSPITAL,15,5,20
2020-03-29 10:02:00 EDT,BAPTIST MEDICAL CENTER - BEACHES,20,0,20
2020-03-29 10:02:00 EDT,NCH NORTHEAST,17,2,19
2020-03-29 10:02:00 EDT,TENNESSEE DOH - NASHVILLE,14,4,18
2020-03-29 10:02:00 EDT,FLORIDA HOSPITAL OF CARROLLWOOD,16,1,17
2020-03-29 10:02:00 EDT,OVIEDO MEDICAL CENTER,17,0,17
2020-03-29 10:02:00 EDT,QUEST DIAGNOSTICS - ATLANTA,16,0,16
2020-03-29 10:02:00 EDT,NORTHWEST MEDICAL CENTER,13,3,16
2020-03-29 10:02:00 EDT,MARINERS HOSPITAL,15,1,16
2020-03-29 10:02:00 EDT,DELRAY MEDICAL CENTER,13,2,15
2020-03-29 10:02:00 EDT,FLORIDA HOSPITAL WESLEY CHAPEL,15,0,15
2020-03-29 10:02:00 EDT,MANATEE MEMORIAL HOSPITAL,13,1,14
2020-03-29 10:02:00 EDT,FLORIDA HOSPITAL NORTH PINELLAS,14,0,14
2020-03-29 10:02:00 EDT,BIO COLLECTIONS INC,0,13,13
2020-03-29 10:02:00 EDT,BAYCARE LAB,0,13,13
2020-03-29 10:02:00 EDT,QUEST DIAGNOSTICS - WEST HILLS,12,1,13
2020-03-29 10:02:00 EDT,JACKSON MEMORIAL HOSPITAL CLINICAL LAB,0,12,12
2020-03-29 10:02:00 EDT,BUREAU OF CLINICAL LABORATORIES,11,0,11
2020-03-29 10:02:00 EDT,ARUP,0,10,10
2020-03-29 10:02:00 EDT,WEST PALM HOSPITAL LAB,6,4,10
2020-03-29 10:02:00 EDT,FLORIDA HOSPITAL DELAND,8,2,10
2020-03-29 10:02:00 EDT,LABONE LLC DBA QUEST DIAGNOSTICS,6,2,8
2020-03-29 10:02:00 EDT,PALMS WEST HOSPITAL LAB,5,3,8
2020-03-29 10:02:00 EDT,SACRED HEART HOSPITAL ON THE GULF,8,0,8
2020-03-29 10:02:00 EDT,ORANGE PARK MEDICAL CENTER,5,2,7
2020-03-29 10:02:00 EDT,NCH HEALTHCARE BONITA,7,0,7
2020-03-29 10:02:00 EDT,BAPTIST MEDICAL CENTER - NASSAU,7,0,7
2020-03-29 10:02:00 EDT,QUEST DIAGNOSTIC,0,7,7
2020-03-29 10:02:00 EDT,CITRUS MEMORIAL HOSPITAL LABORATORY,7,0,7
2020-03-29 10:02:00 EDT,UHEALTH CORAL GABLES/LENNAR MED CTR,6,0,6
2020-03-29 10:02:00 EDT,LABCORP,1,5,6
2020-03-29 10:02:00 EDT,EGLIN AIRFORCE BASE LAB,0,6,6
2020-03-29 10:02:00 EDT,BIOREFERENCE LABORATORIES,1,5,6
2020-03-29 10:02:00 EDT,ST VINCENTS - CLAY COUNTY,3,3,6
2020-03-29 10:02:00 EDT,RAULERSON HOSPITAL,6,0,6
2020-03-29 10:02:00 EDT,PALO ALTO VA MEDICAL CENTER,0,6,6
2020-03-29 10:02:00 EDT,"QUEST DIAGNOSTIC CLINICAL LABORATORIES, INC",4,2,6
2020-03-29 10:02:00 EDT,BAPTIST HEALTH SOUTH FLORIDA,0,5,5
2020-03-29 10:02:00 EDT,MEMORIAL HOSPITAL JACKSONVILLE,0,5,5
2020-03-29 10:02:00 EDT,CAPE CORAL HOSPITAL CLINICAL LABORATORY,0,5,5
2020-03-29 10:02:00 EDT,MICROGEN DX,0,5,5
2020-03-29 10:02:00 EDT,MORTON PLANT HOSPITAL,0,5,5
2020-03-29 10:02:00 EDT,NEW YORK STATE ELR - WADSWORTH HEALTH CENTER,5,0,5
2020-03-29 10:02:00 EDT,QUEST DIAGNOSTICS-MIAMI,0,5,5
2020-03-29 10:02:00 EDT,UNIVERSITY OF MIAMI HOSPITAL & CLINICS,4,1,5
2020-03-29 10:02:00 EDT,MARTIN MEMORIAL MEDICAL CENTER LAB,0,5,5
2020-03-29 10:02:00 EDT,NEW YORK STATE ELR - DEPARTMENT OF CLINICAL LABS,5,0,5
2020-03-29 10:02:00 EDT,NEW YORK STATE ELR - NEW YORK HOSPITAL LABORATORIES,3,1,4
2020-03-29 10:02:00 EDT,QUEST DIAGNOSTICS NICHOLS INSTITUTE- LPP,0,4,4
2020-03-29 10:02:00 EDT,VA MEDICAL CENTER,0,4,4
2020-03-29 10:02:00 EDT,SOUTH LAKE HOSPITAL,0,4,4
2020-03-29 10:02:00 EDT,VAMC ORLANDO,0,4,4
2020-03-29 10:02:00 EDT,SACRED HEART-EMERALD COAST,0,4,4
2020-03-29 10:02:00 EDT,COMMUNITY HEALTH OF SOUTH FLORIDA,0,4,4
2020-03-29 10:02:00 EDT,FLORIDA HOSPITAL ZEPHYRHILLS,4,0,4
2020-03-29 10:02:00 EDT,LAB CORP,2,2,4
2020-03-29 10:02:00 EDT,HOLMES REGIONAL MEDICAL CENTER,3,1,4
2020-03-29 10:02:00 EDT,BAPTIST EMERGENCY CENTER CLAY,3,1,4
2020-03-29 10:02:00 EDT,BMHSI-AEL MICROBIOLOGY LABORATORY,3,1,4
2020-03-29 10:02:00 EDT,ADVENT HEALTH DAYTONA,1,3,4
2020-03-29 10:02:00 EDT,LABCORP BURLINGTON (LPP),0,4,4
2020-03-29 10:02:00 EDT,FISHERMENS HOSPITAL CLINICAL LAB,4,0,4
2020-03-29 10:02:00 EDT,MACDILL AFB HOSPITAL,0,3,3
2020-03-29 10:02:00 EDT,USAFSAM/PHE,1,2,3
2020-03-29 10:02:00 EDT,STEWARD REFERENCE LABORATORY,0,3,3
2020-03-29 10:02:00 EDT,LEE MEMORIAL LAB GULF COAST,0,3,3
2020-03-29 10:02:00 EDT,OAK HILL HOSPITAL,0,3,3
2020-03-29 10:02:00 EDT,ORLANDO VAMC,1,2,3
2020-03-29 10:02:00 EDT,HIGHLANDS REGIONAL MEDICAL CENTER,3,0,3
2020-03-29 10:02:00 EDT,TGH,0,3,3
2020-03-29 10:02:00 EDT,ST JOSEPHS NORTH HOSPITAL LAB,3,0,3
2020-03-29 10:02:00 EDT,MEMORIAL HOSPITAL PEMBROKE,0,3,3
2020-03-29 10:02:00 EDT,POINCIANA MEDICAL CENTER,2,1,3
2020-03-29 10:02:00 EDT,MEMORIAL REGIONAL HOSPITAL CLINICAL LABORATORY,0,3,3
2020-03-29 10:02:00 EDT,NEW YORK STATE ELR - NORTH SHORE LONG ISLAND JEWISH HEALTH,2,1,3
2020-03-29 10:02:00 EDT,ST. ANTHONY'S HOSPITAL,0,3,3
2020-03-29 10:02:00 EDT,AMERICAN ESOTERIC LABORATORIES,0,3,3
2020-03-29 10:02:00 EDT,JACKSON NORTH MEDICAL CENTER,0,2,2
2020-03-29 10:02:00 EDT,QUEST DIAGNOSTIC INC,0,2,2
2020-03-29 10:02:00 EDT,PHYSICIANS STAT LAB,0,2,2
2020-03-29 10:02:00 EDT,INTEGRATED REGIONAL LABORATORIES LLP,0,2,2
2020-03-29 10:02:00 EDT,ST JUDE CHILDREN'S RESEARCH HOSPITAL,2,0,2
2020-03-29 10:02:00 EDT,FLORIDA DEPT OF HEALTH,2,0,2
2020-03-29 10:02:00 EDT,DOCTORS HOSPITAL OF SARASOTA CLINICAL LABORATORY,0,2,2
2020-03-29 10:02:00 EDT,SEBASTIAN RIVER MEDICAL CENTER,2,0,2
2020-03-29 10:02:00 EDT,CORE DIAGNOSTIC LABORATORIES,0,2,2
2020-03-29 10:02:00 EDT,HALIFAX MEDICAL CENTER LAB,1,1,2
2020-03-29 10:02:00 EDT,QUEST DIAGNOSTICS NICHOLS INSTITUTE - SJC (LPP),1,1,2
2020-03-29 10:02:00 EDT,SACRED HEART AT EMERALD COAST,0,2,2
2020-03-29 10:02:00 EDT,QUEST DIAGNOSTICS WOOD DALE,2,0,2
2020-03-29 10:02:00 EDT,ORLANDO VA MEDICAL CENTER,0,2,2
2020-03-29 10:02:00 EDT,MEMORIAL HOSPITAL MICRO,0,2,2
2020-03-29 10:02:00 EDT,ADVENTHEALTH TAMPA,0,2,2
2020-03-29 10:02:00 EDT,VAMC WEST PALM LAB,0,2,2
2020-03-29 10:02:00 EDT,MEDICAL CENTER OF TRINITY CLINICAL LABORATORY,0,2,2
2020-03-29 10:02:00 EDT,LEESBURG REGIONAL MEDICAL CENTER,1,1,2
2020-03-29 10:02:00 EDT,WHITE WILSON MEDICAL CENTER CLINIC,0,2,2
2020-03-29 10:02:00 EDT,MORTON PLANT HOSPITAL/LAB,0,2,2
2020-03-29 10:02:00 EDT,NEW YORK STATE ELR - QUEST DIAGNOSTICS INCORPORATED,2,0,2
2020-03-29 10:02:00 EDT,NEW YORK STATE ELR - NEW YORK PRESBYTERIAN HOSPITAL CUMC CLINICAL,2,0,2
2020-03-29 10:02:00 EDT,AdventHealth Lab,0,2,2
2020-03-29 10:02:00 EDT,WEST VIRGINIA UNIVERSITY HOSPITALS,0,1,1
2020-03-29 10:02:00 EDT,CAROMONT HEALTH,0,1,1
2020-03-29 10:02:00 EDT,SPRING HILL REGIONAL HOSPITAL,0,1,1
2020-03-29 10:02:00 EDT,AIT LABORATORIES,0,1,1
2020-03-29 10:02:00 EDT,DOH JACKSONVILLE CENTRAL LABORATORY,1,0,1
2020-03-29 10:02:00 EDT,ST JOSEPHS HOSPITAL,0,1,1
2020-03-29 10:02:00 EDT,ENGLEWOOD COMMUNITY HOSPITAL,0,1,1
2020-03-29 10:02:00 EDT,MHS LAB,1,0,1
2020-03-29 10:02:00 EDT,WESTCHESTER HOSPITAL,1,0,1
2020-03-29 10:02:00 EDT,ST PETERSBURG GENERAL HOSPITAL,0,1,1
2020-03-29 10:02:00 EDT,ST LUCIE MEDICAL CENTER,1,0,1
2020-03-29 10:02:00 EDT,BAYCARE OUTREACH LAB,0,1,1
2020-03-29 10:02:00 EDT,BAYCARE OUTREACH LABORATORY,0,1,1
2020-03-29 10:02:00 EDT,BLAKE MEDICAL CENTER,0,1,1
2020-03-29 10:02:00 EDT,UNKNOWN,0,1,1
2020-03-29 10:02:00 EDT,BETHESDA HOSPITAL EAST,0,1,1
2020-03-29 10:02:00 EDT,UAB,0,1,1
2020-03-29 10:02:00 EDT,BAYFRONT HEALTH PUNTA GORDA,0,1,1
2020-03-29 10:02:00 EDT,BAYFRONT MEDICAL CENTER/DEPARTMENT OF PATHOLOGY,0,1,1
2020-03-29 10:02:00 EDT,TAMPA GENERAL HOSPITAL CLINICAL LAB,0,1,1
2020-03-29 10:02:00 EDT,CALIFORNIA PUBLIC HEALTH LABORATORY,0,1,1
2020-03-29 10:02:00 EDT,VIERA HOSPITAL,0,1,1
2020-03-29 10:02:00 EDT,STATE LAB,1,0,1
2020-03-29 10:02:00 EDT,AZALEA HEALTH,0,1,1
2020-03-29 10:02:00 EDT,BRANDON REGIONAL HOSPITAL,0,1,1
2020-03-29 10:02:00 EDT,VA HOSPITAL,0,1,1
2020-03-29 10:02:00 EDT,BAYCARE ESOTERIC DI RESULTS SS,0,1,1
2020-03-29 10:02:00 EDT,SUNRISE MEDICAL LABORATORIES,0,1,1
2020-03-29 10:02:00 EDT,LECONTE MEDICAL CENTER LAB,1,0,1
2020-03-29 10:02:00 EDT,LARKIN COMMUNITY HOSPITAL,0,1,1
2020-03-29 10:02:00 EDT,ORLANDO REGIONAL MEDICAL CENTER,0,1,1
2020-03-29 10:02:00 EDT,LEE MEMORIAL HOSPITAL LAB,0,1,1
2020-03-29 10:02:00 EDT,LEE HEALTH-COCONUT POINT LAB,0,1,1
2020-03-29 10:02:00 EDT,PALM BAY HOSPITAL,1,0,1
2020-03-29 10:02:00 EDT,PENNSYLVANIA DEPARTMENT OF HEALTH BUREAU OF LABORATORIES,0,1,1
2020-03-29 10:02:00 EDT,PHYSICIANS REGIONAL MEDICAL CENTER - COLLIER BLVD,0,1,1
2020-03-29 10:02:00 EDT,LABCORP PHOENIX,0,1,1
2020-03-29 10:02:00 EDT,PALMETTO GENERAL HOSPITAL LAB,1,0,1
2020-03-29 10:02:00 EDT,LARGO MEDICAL CENTER,0,1,1
2020-03-29 10:02:00 EDT,MAYO CLINIC LABS - ROCHESTER SUPERIOR DRIVE,0,1,1
2020-03-29 10:02:00 EDT,NEW YORK STATE ELR - MONTEFIORE MEDICAL CENTER LABORATORIES - MOSES,1,0,1
2020-03-29 10:02:00 EDT,NCH HEALTHCARE SYSTEM MICROBIOLOGY LAB,0,1,1
2020-03-29 10:02:00 EDT,MOUNT SINAI MEDICAL CENTER,0,1,1
2020-03-29 10:02:00 EDT,MRHS LAB,0,1,1
2020-03-29 10:02:00 EDT,NEW YORK STATE ELR - NEW YORK CITY DEPARTMENT OF HEALTH & MENTAL,1,0,1
2020-03-29 10:02:00 EDT,NORTH BROWARD MEDICAL CENTER,0,1,1
2020-03-29 10:02:00 EDT,NORTHSIDE HOSPITAL AND HEART INSTITUTE,0,1,1
2020-03-29 10:02:00 EDT,NICHOLS INSTITUTE QUEST DIAGNOSTICS,0,1,1
2020-03-29 10:02:00 EDT,MACDILL AIRFORCE BASE MICRO,0,1,1
2020-03-29 10:02:00 EDT,NEW YORK STATE ELR - ROCHESTER GENERAL HOSPITAL LABORATORY,1,0,1
2020-03-29 10:02:00 EDT,SARASOTA CO. HEALTH DEPT # 58,1,0,1
2020-03-29 10:02:00 EDT,FLORIDA DEPARTMENT OF HEALTH,1,0,1
2020-03-29 10:02:00 EDT,SACRED HEART LABORATORY AT PENSACOLA,0,1,1
2020-03-29 10:02:00 EDT,FORT WALTON BEACH MEDICAL CENTER,0,1,1
2020-03-29 10:02:00 EDT,FLORIDA HOSPITAL HEARTLAND MED CTR LAKE PLACID,0,1,1
2020-03-29 10:02:00 EDT,SCDHEC BUREAU OF LABORATORIES,0,1,1
2020-03-29 10:02:00 EDT,FAWCETT MEMORIAL HOSPITAL-LAB,0,1,1
2020-03-29 10:02:00 EDT,SOUTH MIAMI HOSPITAL,0,1,1
2020-03-29 10:02:00 EDT,SOLARIS DIAGNOSTICS,0,1,1
2020-03-29 10:02:00 EDT,FLAGLER HOSPITAL,0,1,1
2020-03-29 10:02:00 EDT,FL PHL TAMPA,1,0,1
2020-03-29 10:02:00 EDT,INTEGRATED REGIONAL LABORATORIES,0,1,1
2020-03-29 10:02:00 EDT,INDIAN RIVER MEDICAL CENTER LAB,0,1,1
2020-03-29 10:02:00 EDT,INTERCOASTAL MEDICAL GROUP,0,1,1
2020-03-29 10:02:00 EDT,LABCORP - MIAMI,0,1,1
2020-03-29 10:02:00 EDT,JACKSON MEMORIAL HOSPITAL,0,1,1
2020-03-29 10:02:00 EDT,QUEST DIAGNOSTICS INFECTIOUS DISEASE INC,0,1,1
2020-03-29 10:02:00 EDT,GESSLER CLINIC,0,1,1
2020-03-29 10:02:00 EDT,REMISE OCCUPATIONAL HEALTH SOLUTIONS INC,0,1,1
2020-03-29 10:02:00 EDT,QUESTDIAGNOSTICS INCORPORATED,0,1,1
2020-03-29 10:02:00 EDT,HEALTH CENTRAL HOSPITAL,0,1,1
2020-03-29 10:02:00 EDT,GULF COAST MEDICAL CENTER MICROLAB,0,1,1
2020-03-29 17:32:00 EDT,QUEST DIAGNOSTICS - TAMPA,13727,1287,NA
2020-03-29 17:32:00 EDT,LABORATORY CORPORATION OF AMERICA,6789,600,7389
2020-03-29 17:32:00 EDT,"BIO REFERENCE LABORATORIES, INC",2984,525,3509
2020-03-29 17:32:00 EDT,ADVENT HEALTH LAB,3035,316,3351
2020-03-29 17:32:00 EDT,"QUEST DIAGNOSTICS NICHOLS INSTITUTE, INC.",2826,209,3035
2020-03-29 17:32:00 EDT,MEMORIAL REGIONAL HOSPITAL SOUTH,2075,381,2456
2020-03-29 17:32:00 EDT,BPHL-JACKSONVILLE,2141,301,2442
2020-03-29 17:32:00 EDT,MAYO CLINIC LABORATORIES,2076,161,2237
2020-03-29 17:32:00 EDT,BPHL-TAMPA (SPECTRUM BLVD),1861,228,2089
2020-03-29 17:32:00 EDT,BPHL-MIAMI,1731,348,2079
2020-03-29 17:32:00 EDT,SHANDS AT THE UNIVERSITY OF FLORIDA,1716,84,1800
2020-03-29 17:32:00 EDT,TAMPA GENERAL HOSPITAL,1528,85,1613
2020-03-29 17:32:00 EDT,BAYCARE LABORATORIES LLC,828,55,883
2020-03-29 17:32:00 EDT,BAPTIST HOSPITAL OF MIAMI CLINICAL LABORATORY,628,92,720
2020-03-29 17:32:00 EDT,SACRED HEART HOSPITAL LABORATORY,597,48,645
2020-03-29 17:32:00 EDT,UNIVERSITY OF MIAMI HOSPITAL,279,82,361
2020-03-29 17:32:00 EDT,SOUTH MIAMI HOSPITAL LAB,234,61,295
2020-03-29 17:32:00 EDT,SARASOTA MEMORIAL HOSPITAL MAIN LAB,260,32,292
2020-03-29 17:32:00 EDT,CLEVELAND CLINIC HOSPITAL LAB,236,53,289
2020-03-29 17:32:00 EDT,QUEST DIAGNOSTICS NICHOLS INSTITUTE - SJC (ELR),223,41,264
2020-03-29 17:32:00 EDT,ST JOSEPHS HOSPITAL LABORATORY,210,26,236
2020-03-29 17:32:00 EDT,WEST KENDALL BAPTIST HOSPITAL LABORATORY,162,40,202
2020-03-29 17:32:00 EDT,FLORIDA HOSPITAL WATERMAN LABORATORY,192,5,197
2020-03-29 17:32:00 EDT,NAPLES COMMUNITY HOSPITAL,181,14,195
2020-03-29 17:32:00 EDT,MORTON PLANT HOSPITAL-ADLER INSTITUTE,157,5,162
2020-03-29 17:32:00 EDT,FLORIDA HOSPITAL - TAMPA,149,7,156
2020-03-29 17:32:00 EDT,DOCTORS HOSPITAL,89,34,123
2020-03-29 17:32:00 EDT,QUEST DIAGNOSTICS NICHOLS INSTITUTE,118,3,121
2020-03-29 17:32:00 EDT,VIRACOR-EUROFINS LABORATORIES,68,30,98
2020-03-29 17:32:00 EDT,ARUP LABORATORIES,87,10,97
2020-03-29 17:32:00 EDT,HOMESTEAD HOSPITAL CLINICAL LABORATORY,77,11,88
2020-03-29 17:32:00 EDT,BAPTIST MEDICAL CENTER JACKSONVILLE,85,3,88
2020-03-29 17:32:00 EDT,AVENTURA HOSPITAL LAB,48,39,87
2020-03-29 17:32:00 EDT,JFK MEDICAL CENTER LAB,39,47,86
2020-03-29 17:32:00 EDT,LARKIN COMMUNITY HOSP.,79,1,80
2020-03-29 17:32:00 EDT,ST JOSEPHS HOSPITAL SOUTH LABORATORY,74,1,75
2020-03-29 17:32:00 EDT,LAWNWOOD REGIONAL MEDICAL CENTER,65,1,66
2020-03-29 17:32:00 EDT,ADVENTHEALTH DAYTONA BEACH,56,7,63
2020-03-29 17:32:00 EDT,WESTSIDE REGIONAL MED CTR,42,17,59
2020-03-29 17:32:00 EDT,WINTER HAVEN HOSPITAL CLINICAL LABORATORY,57,1,58
2020-03-29 17:32:00 EDT,WELLINGTON REGIONAL MED CTR LAB,45,9,54
2020-03-29 17:32:00 EDT,NICKLAUS CHILDREN'S HOSPITAL,50,2,52
2020-03-29 17:32:00 EDT,ST ANTHONY'S HOSPITAL LAB,51,1,52
2020-03-29 17:32:00 EDT,TALLAHASSEE MEMORIAL HOSPITAL,45,5,50
2020-03-29 17:32:00 EDT,SHANDS JACKSONVILLE MEDICAL CENTER INC,47,3,50
2020-03-29 17:32:00 EDT,BAPTIST HOSPITAL LABORATORY,43,5,48
2020-03-29 17:32:00 EDT,DIATHERIX LABORATORIES,12,30,42
2020-03-29 17:32:00 EDT,UNIVERSITY HOSPITAL AND MEDICAL CENTER,33,7,40
2020-03-29 17:32:00 EDT,NCH NORTH NAPLES HOSPITAL LAB,37,2,39
2020-03-29 17:32:00 EDT,ST VINCENT'S MEDICAL CENTER - SOUTHSIDE,31,4,35
2020-03-29 17:32:00 EDT,MERCY HOSPITAL A CAMPUS OF PLANTATION GEN HOSP LAB,21,13,34
2020-03-29 17:32:00 EDT,FLORIDA HOSPITAL FISH MEMORIAL,29,4,33
2020-03-29 17:32:00 EDT,UF PATHLABS,32,1,33
2020-03-29 17:32:00 EDT,OSCEOLA REGIONAL MEDICAL CENTER,31,2,33
2020-03-29 17:32:00 EDT,QUEST DIAGNOSTICS,21,11,32
2020-03-29 17:32:00 EDT,BIOCOLLECTION WORLDWIDE INC,0,32,32
2020-03-29 17:32:00 EDT,QUEST DIAGNOSTICS - MIRAMAR,1,30,31
2020-03-29 17:32:00 EDT,JUPITER MEDICAL CENTER LAB,17,13,30
2020-03-29 17:32:00 EDT,ORLANDO HEALTH,0,29,29
2020-03-29 17:32:00 EDT,Capital Regional Medical Ctr,27,1,28
2020-03-29 17:32:00 EDT,STVINCENTS CLAY CNTY,26,1,27
2020-03-29 17:32:00 EDT,FLORIDA HOSPITAL FLAGLER,24,2,26
2020-03-29 17:32:00 EDT,CDC,17,9,26
2020-03-29 17:32:00 EDT,QUEST,3,23,26
2020-03-29 17:32:00 EDT,ST VINCENT'S MEDICAL CENTER - RIVERSIDE,22,3,25
2020-03-29 17:32:00 EDT,CLINICORE LABS,19,5,24
2020-03-29 17:32:00 EDT,CENTRAL FLORIDA REGIONAL HOSPITAL,19,4,23
2020-03-29 17:32:00 EDT,NEMOURS CHILDRENS HOSPITAL,22,0,22
2020-03-29 17:32:00 EDT,FLORIDA HOSPITAL HEARTLAND MED CTR CLINICAL LAB,17,5,22
2020-03-29 17:32:00 EDT,LAKEWOOD RANCH MEDICAL CENTER,18,4,22
2020-03-29 17:32:00 EDT,SACRED HEART HEALTH SYSTEM,0,21,21
2020-03-29 17:32:00 EDT,LABCORP BURLINGTON (ELR),5,16,21
2020-03-29 17:32:00 EDT,GULF BREEZE HOSPITAL LAB,17,3,20
2020-03-29 17:32:00 EDT,BAPTIST MEDICAL CENTER - BEACHES,20,0,20
2020-03-29 17:32:00 EDT,PLANTATION GENERAL HOSPITAL,15,5,20
2020-03-29 17:32:00 EDT,TENNESSEE DOH - NASHVILLE,15,4,19
2020-03-29 17:32:00 EDT,NCH NORTHEAST,17,2,19
2020-03-29 17:32:00 EDT,OVIEDO MEDICAL CENTER,17,0,17
2020-03-29 17:32:00 EDT,FLORIDA HOSPITAL OF CARROLLWOOD,16,1,17
2020-03-29 17:32:00 EDT,MANATEE MEMORIAL HOSPITAL,15,1,16
2020-03-29 17:32:00 EDT,QUEST DIAGNOSTICS - ATLANTA,16,0,16
2020-03-29 17:32:00 EDT,QUEST DIAGNOSTICS - WEST HILLS,13,3,16
2020-03-29 17:32:00 EDT,FLORIDA HOSPITAL WESLEY CHAPEL,16,0,16
2020-03-29 17:32:00 EDT,NORTHWEST MEDICAL CENTER,13,3,16
2020-03-29 17:32:00 EDT,MARINERS HOSPITAL,15,1,16
2020-03-29 17:32:00 EDT,DELRAY MEDICAL CENTER,13,2,15
2020-03-29 17:32:00 EDT,FLORIDA HOSPITAL NORTH PINELLAS,14,0,14
2020-03-29 17:32:00 EDT,BIO COLLECTIONS INC,0,13,13
2020-03-29 17:32:00 EDT,BAYCARE LAB,0,13,13
2020-03-29 17:32:00 EDT,JACKSON MEMORIAL HOSPITAL CLINICAL LAB,0,12,12
2020-03-29 17:32:00 EDT,BUREAU OF CLINICAL LABORATORIES,11,0,11
2020-03-29 17:32:00 EDT,WEST PALM HOSPITAL LAB,6,5,11
2020-03-29 17:32:00 EDT,ARUP,0,10,10
2020-03-29 17:32:00 EDT,FLORIDA HOSPITAL DELAND,8,2,10
2020-03-29 17:32:00 EDT,PHYSICIANS STAT LAB,0,9,9
2020-03-29 17:32:00 EDT,ORANGE PARK MEDICAL CENTER,5,4,9
2020-03-29 17:32:00 EDT,PALMS WEST HOSPITAL LAB,5,4,9
2020-03-29 17:32:00 EDT,SACRED HEART HOSPITAL ON THE GULF,8,0,8
2020-03-29 17:32:00 EDT,LABONE LLC DBA QUEST DIAGNOSTICS,6,2,8
2020-03-29 17:32:00 EDT,CITRUS MEMORIAL HOSPITAL LABORATORY,7,0,7
2020-03-29 17:32:00 EDT,LABCORP,1,6,7
2020-03-29 17:32:00 EDT,"QUEST DIAGNOSTIC CLINICAL LABORATORIES, INC",5,2,7
2020-03-29 17:32:00 EDT,QUEST DIAGNOSTIC,0,7,7
2020-03-29 17:32:00 EDT,BAPTIST MEDICAL CENTER - NASSAU,7,0,7
2020-03-29 17:32:00 EDT,NCH HEALTHCARE BONITA,7,0,7
2020-03-29 17:32:00 EDT,MARTIN MEMORIAL MEDICAL CENTER LAB,0,6,6
2020-03-29 17:32:00 EDT,RAULERSON HOSPITAL,6,0,6
2020-03-29 17:32:00 EDT,UHEALTH CORAL GABLES/LENNAR MED CTR,6,0,6
2020-03-29 17:32:00 EDT,ST VINCENTS - CLAY COUNTY,3,3,6
2020-03-29 17:32:00 EDT,BIOREFERENCE LABORATORIES,1,5,6
2020-03-29 17:32:00 EDT,UNIVERSITY OF MIAMI HOSPITAL & CLINICS,5,1,6
2020-03-29 17:32:00 EDT,EGLIN AIRFORCE BASE LAB,0,6,6
2020-03-29 17:32:00 EDT,INTEGRATED REGIONAL LABORATORIES LLP,4,2,6
2020-03-29 17:32:00 EDT,PALO ALTO VA MEDICAL CENTER,0,6,6
2020-03-29 17:32:00 EDT,MEMORIAL HOSPITAL JACKSONVILLE,0,5,5
2020-03-29 17:32:00 EDT,MICROGEN DX,0,5,5
2020-03-29 17:32:00 EDT,BAPTIST HEALTH SOUTH FLORIDA,0,5,5
2020-03-29 17:32:00 EDT,QUEST DIAGNOSTICS-MIAMI,0,5,5
2020-03-29 17:32:00 EDT,MORTON PLANT HOSPITAL,0,5,5
2020-03-29 17:32:00 EDT,NEW YORK STATE ELR - WADSWORTH HEALTH CENTER,5,0,5
2020-03-29 17:32:00 EDT,NEW YORK STATE ELR - DEPARTMENT OF CLINICAL LABS,5,0,5
2020-03-29 17:32:00 EDT,CAPE CORAL HOSPITAL CLINICAL LABORATORY,0,5,5
2020-03-29 17:32:00 EDT,SOUTH LAKE HOSPITAL,0,4,4
2020-03-29 17:32:00 EDT,SACRED HEART-EMERALD COAST,0,4,4
2020-03-29 17:32:00 EDT,QUEST DIAGNOSTICS NICHOLS INSTITUTE- LPP,0,4,4
2020-03-29 17:32:00 EDT,NEW YORK STATE ELR - NEW YORK HOSPITAL LABORATORIES,3,1,4
2020-03-29 17:32:00 EDT,VAMC ORLANDO,0,4,4
2020-03-29 17:32:00 EDT,VA MEDICAL CENTER,0,4,4
2020-03-29 17:32:00 EDT,MOUNT SINAI MEDICAL CENTER,0,4,4
2020-03-29 17:32:00 EDT,LAB CORP,2,2,4
2020-03-29 17:32:00 EDT,LABCORP BURLINGTON (LPP),0,4,4
2020-03-29 17:32:00 EDT,HOLMES REGIONAL MEDICAL CENTER,3,1,4
2020-03-29 17:32:00 EDT,FISHERMENS HOSPITAL CLINICAL LAB,4,0,4
2020-03-29 17:32:00 EDT,BMHSI-AEL MICROBIOLOGY LABORATORY,3,1,4
2020-03-29 17:32:00 EDT,BAPTIST EMERGENCY CENTER CLAY,3,1,4
2020-03-29 17:32:00 EDT,ADVENT HEALTH DAYTONA,1,3,4
2020-03-29 17:32:00 EDT,COMMUNITY HEALTH OF SOUTH FLORIDA,0,4,4
2020-03-29 17:32:00 EDT,FLORIDA HOSPITAL ZEPHYRHILLS,4,0,4
2020-03-29 17:32:00 EDT,OAK HILL HOSPITAL,0,3,3
2020-03-29 17:32:00 EDT,MACDILL AFB HOSPITAL,0,3,3
2020-03-29 17:32:00 EDT,TGH,0,3,3
2020-03-29 17:32:00 EDT,LEE MEMORIAL LAB GULF COAST,0,3,3
2020-03-29 17:32:00 EDT,ORLANDO VAMC,1,2,3
2020-03-29 17:32:00 EDT,POINCIANA MEDICAL CENTER,2,1,3
2020-03-29 17:32:00 EDT,USAFSAM/PHE,1,2,3
2020-03-29 17:32:00 EDT,ST JOSEPHS NORTH HOSPITAL LAB,3,0,3
2020-03-29 17:32:00 EDT,AMERICAN ESOTERIC LABORATORIES,0,3,3
2020-03-29 17:32:00 EDT,HIGHLANDS REGIONAL MEDICAL CENTER,3,0,3
2020-03-29 17:32:00 EDT,NEW YORK STATE ELR - NORTH SHORE LONG ISLAND JEWISH HEALTH,2,1,3
2020-03-29 17:32:00 EDT,MEMORIAL REGIONAL HOSPITAL CLINICAL LABORATORY,0,3,3
2020-03-29 17:32:00 EDT,MEMORIAL HOSPITAL PEMBROKE,0,3,3
2020-03-29 17:32:00 EDT,HALIFAX MEDICAL CENTER LAB,1,2,3
2020-03-29 17:32:00 EDT,MAYO CLINIC DEPT OF LAB MED PATHOLOGY,0,3,3
2020-03-29 17:32:00 EDT,STEWARD REFERENCE LABORATORY,0,3,3
2020-03-29 17:32:00 EDT,ST. ANTHONY'S HOSPITAL,0,3,3
2020-03-29 17:32:00 EDT,SACRED HEART AT EMERALD COAST,0,2,2
2020-03-29 17:32:00 EDT,CORE DIAGNOSTIC LABORATORIES,0,2,2
2020-03-29 17:32:00 EDT,QUEST DIAGNOSTICS WOOD DALE,2,0,2
2020-03-29 17:32:00 EDT,INDIAN RIVER MEDICAL CENTER LAB,0,2,2
2020-03-29 17:32:00 EDT,JACKSON NORTH MEDICAL CENTER,0,2,2
2020-03-29 17:32:00 EDT,QUEST DIAGNOSTIC INC,0,2,2
2020-03-29 17:32:00 EDT,BRANDON REGIONAL HOSPITAL,0,2,2
2020-03-29 17:32:00 EDT,QUEST DIAGNOSTICS NICHOLS INSTITUTE - SJC (LPP),1,1,2
2020-03-29 17:32:00 EDT,FLORIDA DEPT OF HEALTH,2,0,2
2020-03-29 17:32:00 EDT,MEMORIAL HOSPITAL MICRO,0,2,2
2020-03-29 17:32:00 EDT,MEDICAL CENTER OF TRINITY CLINICAL LABORATORY,0,2,2
2020-03-29 17:32:00 EDT,AdventHealth Lab,0,2,2
2020-03-29 17:32:00 EDT,DOCTORS HOSPITAL OF SARASOTA CLINICAL LABORATORY,0,2,2
2020-03-29 17:32:00 EDT,WHITE WILSON MEDICAL CENTER CLINIC,0,2,2
2020-03-29 17:32:00 EDT,ADVENTHEALTH TAMPA,0,2,2
2020-03-29 17:32:00 EDT,NEW YORK STATE ELR - QUEST DIAGNOSTICS INCORPORATED,2,0,2
2020-03-29 17:32:00 EDT,NEW YORK STATE ELR - NEW YORK PRESBYTERIAN HOSPITAL CUMC CLINICAL,2,0,2
2020-03-29 17:32:00 EDT,SEBASTIAN RIVER MEDICAL CENTER,2,0,2
2020-03-29 17:32:00 EDT,ST JUDE CHILDREN'S RESEARCH HOSPITAL,2,0,2
2020-03-29 17:32:00 EDT,MORTON PLANT HOSPITAL/LAB,0,2,2
2020-03-29 17:32:00 EDT,VAMC WEST PALM LAB,0,2,2
2020-03-29 17:32:00 EDT,LEESBURG REGIONAL MEDICAL CENTER,1,1,2
2020-03-29 17:32:00 EDT,ORLANDO VA MEDICAL CENTER,0,2,2
2020-03-29 17:32:00 EDT,ENGLEWOOD COMMUNITY HOSPITAL,0,1,1
2020-03-29 17:32:00 EDT,ST PETERSBURG GENERAL HOSPITAL,0,1,1
2020-03-29 17:32:00 EDT,CAROMONT HEALTH,0,1,1
2020-03-29 17:32:00 EDT,ST LUCIE MEDICAL CENTER,1,0,1
2020-03-29 17:32:00 EDT,DOH JACKSONVILLE CENTRAL LABORATORY,1,0,1
2020-03-29 17:32:00 EDT,ST JOSEPHS HOSPITAL,0,1,1
2020-03-29 17:32:00 EDT,STATE LAB,1,0,1
2020-03-29 17:32:00 EDT,CALIFORNIA PUBLIC HEALTH LABORATORY,0,1,1
2020-03-29 17:32:00 EDT,BAYCARE ESOTERIC DI RESULTS SS,0,1,1
2020-03-29 17:32:00 EDT,VIERA HOSPITAL,0,1,1
2020-03-29 17:32:00 EDT,UNKNOWN,0,1,1
2020-03-29 17:32:00 EDT,VA HOSPITAL,0,1,1
2020-03-29 17:32:00 EDT,AZALEA HEALTH,0,1,1
2020-03-29 17:32:00 EDT,WESTCHESTER HOSPITAL,1,0,1
2020-03-29 17:32:00 EDT,MHS LAB,1,0,1
2020-03-29 17:32:00 EDT,AIT LABORATORIES,0,1,1
2020-03-29 17:32:00 EDT,WEST VIRGINIA UNIVERSITY HOSPITALS,0,1,1
2020-03-29 17:32:00 EDT,BLAKE MEDICAL CENTER,0,1,1
2020-03-29 17:32:00 EDT,UAB,0,1,1
2020-03-29 17:32:00 EDT,SUNRISE MEDICAL LABORATORIES,0,1,1
2020-03-29 17:32:00 EDT,TAMPA GENERAL HOSPITAL CLINICAL LAB,0,1,1
2020-03-29 17:32:00 EDT,BETHESDA HOSPITAL EAST,0,1,1
2020-03-29 17:32:00 EDT,BAYCARE OUTREACH LABORATORY,0,1,1
2020-03-29 17:32:00 EDT,BAYCARE OUTREACH LAB,0,1,1
2020-03-29 17:32:00 EDT,BAYFRONT MEDICAL CENTER/DEPARTMENT OF PATHOLOGY,0,1,1
2020-03-29 17:32:00 EDT,BAYFRONT HEALTH PUNTA GORDA,0,1,1
2020-03-29 17:32:00 EDT,SPRING HILL REGIONAL HOSPITAL,0,1,1
2020-03-29 17:32:00 EDT,LECONTE MEDICAL CENTER LAB,1,0,1
2020-03-29 17:32:00 EDT,LARKIN COMMUNITY HOSPITAL,0,1,1
2020-03-29 17:32:00 EDT,PALMETTO GENERAL HOSPITAL LAB,1,0,1
2020-03-29 17:32:00 EDT,LEE HEALTH-COCONUT POINT LAB,0,1,1
2020-03-29 17:32:00 EDT,PALM BAY HOSPITAL,1,0,1
2020-03-29 17:32:00 EDT,LARGO MEDICAL CENTER,0,1,1
2020-03-29 17:32:00 EDT,LABCORP PHOENIX,0,1,1
2020-03-29 17:32:00 EDT,PHYSICIANS REGIONAL MEDICAL CENTER - COLLIER BLVD,0,1,1
2020-03-29 17:32:00 EDT,PENNSYLVANIA DEPARTMENT OF HEALTH BUREAU OF LABORATORIES,0,1,1
2020-03-29 17:32:00 EDT,PHYSICIANS STAT,0,1,1
2020-03-29 17:32:00 EDT,LEE MEMORIAL HOSPITAL LAB,0,1,1
2020-03-29 17:32:00 EDT,MAYO CLINIC LABS - ROCHESTER SUPERIOR DRIVE,0,1,1
2020-03-29 17:32:00 EDT,NEW YORK STATE ELR - ROCHESTER GENERAL HOSPITAL LABORATORY,1,0,1
2020-03-29 17:32:00 EDT,NEW YORK STATE ELR - NEW YORK CITY DEPARTMENT OF HEALTH & MENTAL,1,0,1
2020-03-29 17:32:00 EDT,NCH HEALTHCARE SYSTEM MICROBIOLOGY LAB,0,1,1
2020-03-29 17:32:00 EDT,NEW YORK STATE ELR - MONTEFIORE MEDICAL CENTER LABORATORIES - MOSES,1,0,1
2020-03-29 17:32:00 EDT,NORTHSIDE HOSPITAL AND HEART INSTITUTE,0,1,1
2020-03-29 17:32:00 EDT,ORLANDO REGIONAL MEDICAL CENTER,0,1,1
2020-03-29 17:32:00 EDT,NORTH BROWARD MEDICAL CENTER,0,1,1
2020-03-29 17:32:00 EDT,NICHOLS INSTITUTE QUEST DIAGNOSTICS,0,1,1
2020-03-29 17:32:00 EDT,MACDILL AIRFORCE BASE MICRO,0,1,1
2020-03-29 17:32:00 EDT,LABCORP - MIAMI,0,1,1
2020-03-29 17:32:00 EDT,FLORIDA DEPARTMENT OF HEALTH,1,0,1
2020-03-29 17:32:00 EDT,SCDHEC BUREAU OF LABORATORIES,0,1,1
2020-03-29 17:32:00 EDT,SARASOTA CO. HEALTH DEPT # 58,1,0,1
2020-03-29 17:32:00 EDT,FLORIDA HOSPITAL HEARTLAND MED CTR LAKE PLACID,0,1,1
2020-03-29 17:32:00 EDT,SACRED HEART LABORATORY AT PENSACOLA,0,1,1
2020-03-29 17:32:00 EDT,FAWCETT MEMORIAL HOSPITAL-LAB,0,1,1
2020-03-29 17:32:00 EDT,SOUTH MIAMI HOSPITAL,0,1,1
2020-03-29 17:32:00 EDT,SOLARIS DIAGNOSTICS,0,1,1
2020-03-29 17:32:00 EDT,FLAGLER HOSPITAL,0,1,1
2020-03-29 17:32:00 EDT,FL PHL TAMPA,1,0,1
2020-03-29 17:32:00 EDT,FORT WALTON BEACH MEDICAL CENTER,0,1,1
2020-03-29 17:32:00 EDT,QUEST DIAGNOSTICS INFECTIOUS DISEASE INC,0,1,1
2020-03-29 17:32:00 EDT,HEALTH CENTRAL HOSPITAL,0,1,1
2020-03-29 17:32:00 EDT,INTEGRATED REGIONAL LABORATORIES,0,1,1
2020-03-29 17:32:00 EDT,JACKSON MEMORIAL HOSPITAL,0,1,1
2020-03-29 17:32:00 EDT,INTERCOASTAL MEDICAL GROUP,0,1,1
2020-03-29 17:32:00 EDT,REMISE OCCUPATIONAL HEALTH SOLUTIONS INC,0,1,1
2020-03-29 17:32:00 EDT,MRHS LAB,0,1,1
2020-03-29 17:32:00 EDT,GESSLER CLINIC,0,1,1
2020-03-29 17:32:00 EDT,GULF COAST MEDICAL CENTER MICROLAB,0,1,1
2020-03-29 17:32:00 EDT,QUESTDIAGNOSTICS INCORPORATED,0,1,1
2020-03-30 10:13:00 EDT,QUEST DIAGNOSTICS - TAMPA,16284,1571,NA
2020-03-30 10:13:00 EDT,LABORATORY CORPORATION OF AMERICA,7357,671,8028
2020-03-30 10:13:00 EDT,ADVENT HEALTH LAB,3267,337,3604
2020-03-30 10:13:00 EDT,"BIO REFERENCE LABORATORIES, INC",2984,525,3509
2020-03-30 10:13:00 EDT,"QUEST DIAGNOSTICS NICHOLS INSTITUTE, INC.",2825,209,3034
2020-03-30 10:13:00 EDT,MEMORIAL REGIONAL HOSPITAL SOUTH,2187,420,2607
2020-03-30 10:13:00 EDT,BPHL-JACKSONVILLE,2177,307,2484
2020-03-30 10:13:00 EDT,MAYO CLINIC LABORATORIES,2076,161,2237
2020-03-30 10:13:00 EDT,BPHL-MIAMI,1798,382,2180
2020-03-30 10:13:00 EDT,BPHL-TAMPA (SPECTRUM BLVD),1940,231,2171
2020-03-30 10:13:00 EDT,SHANDS AT THE UNIVERSITY OF FLORIDA,1878,89,1967
2020-03-30 10:13:00 EDT,TAMPA GENERAL HOSPITAL,1585,89,1674
2020-03-30 10:13:00 EDT,BAYCARE LABORATORIES LLC,946,66,1012
2020-03-30 10:13:00 EDT,BAPTIST HOSPITAL OF MIAMI CLINICAL LABORATORY,670,119,789
2020-03-30 10:13:00 EDT,SACRED HEART HOSPITAL LABORATORY,721,60,781
2020-03-30 10:13:00 EDT,UNIVERSITY OF MIAMI HOSPITAL,301,84,385
2020-03-30 10:13:00 EDT,SOUTH MIAMI HOSPITAL LAB,262,82,344
2020-03-30 10:13:00 EDT,CLEVELAND CLINIC HOSPITAL LAB,242,53,295
2020-03-30 10:13:00 EDT,SARASOTA MEMORIAL HOSPITAL MAIN LAB,261,32,293
2020-03-30 10:13:00 EDT,QUEST DIAGNOSTICS NICHOLS INSTITUTE - SJC (ELR),223,41,264
2020-03-30 10:13:00 EDT,ST JOSEPHS HOSPITAL LABORATORY,230,28,258
2020-03-30 10:13:00 EDT,NAPLES COMMUNITY HOSPITAL,216,17,233
2020-03-30 10:13:00 EDT,MORTON PLANT HOSPITAL-ADLER INSTITUTE,216,8,224
2020-03-30 10:13:00 EDT,WEST KENDALL BAPTIST HOSPITAL LABORATORY,169,51,220
2020-03-30 10:13:00 EDT,FLORIDA HOSPITAL WATERMAN LABORATORY,192,6,198
2020-03-30 10:13:00 EDT,FLORIDA HOSPITAL - TAMPA,149,7,156
2020-03-30 10:13:00 EDT,DOCTORS HOSPITAL,91,39,130
2020-03-30 10:13:00 EDT,QUEST DIAGNOSTICS NICHOLS INSTITUTE,118,3,121
2020-03-30 10:13:00 EDT,HOMESTEAD HOSPITAL CLINICAL LABORATORY,85,26,111
2020-03-30 10:13:00 EDT,LARKIN COMMUNITY HOSP.,98,2,100
2020-03-30 10:13:00 EDT,VIRACOR-EUROFINS LABORATORIES,68,30,98
2020-03-30 10:13:00 EDT,ARUP LABORATORIES,87,10,97
2020-03-30 10:13:00 EDT,JFK MEDICAL CENTER LAB,39,56,95
2020-03-30 10:13:00 EDT,AVENTURA HOSPITAL LAB,48,46,94
2020-03-30 10:13:00 EDT,BAPTIST MEDICAL CENTER JACKSONVILLE,87,3,90
2020-03-30 10:13:00 EDT,ST JOSEPHS HOSPITAL SOUTH LABORATORY,80,4,84
2020-03-30 10:13:00 EDT,ST ANTHONY'S HOSPITAL LAB,71,1,72
2020-03-30 10:13:00 EDT,LAWNWOOD REGIONAL MEDICAL CENTER,65,3,68
2020-03-30 10:13:00 EDT,WESTSIDE REGIONAL MED CTR,42,21,63
2020-03-30 10:13:00 EDT,ADVENTHEALTH DAYTONA BEACH,56,7,63
2020-03-30 10:13:00 EDT,WELLINGTON REGIONAL MED CTR LAB,52,9,61
2020-03-30 10:13:00 EDT,WINTER HAVEN HOSPITAL CLINICAL LABORATORY,58,1,59
2020-03-30 10:13:00 EDT,BAPTIST HOSPITAL LABORATORY,48,6,54
2020-03-30 10:13:00 EDT,SHANDS JACKSONVILLE MEDICAL CENTER INC,49,3,52
2020-03-30 10:13:00 EDT,NICKLAUS CHILDREN'S HOSPITAL,50,2,52
2020-03-30 10:13:00 EDT,TALLAHASSEE MEMORIAL HOSPITAL,45,5,50
2020-03-30 10:13:00 EDT,NCH NORTH NAPLES HOSPITAL LAB,41,3,44
2020-03-30 10:13:00 EDT,MERCY HOSPITAL A CAMPUS OF PLANTATION GEN HOSP LAB,21,21,42
2020-03-30 10:13:00 EDT,DIATHERIX LABORATORIES,12,30,42
2020-03-30 10:13:00 EDT,UNIVERSITY HOSPITAL AND MEDICAL CENTER,33,9,42
2020-03-30 10:13:00 EDT,ORLANDO HEALTH,0,41,41
2020-03-30 10:13:00 EDT,ST VINCENT'S MEDICAL CENTER - SOUTHSIDE,35,4,39
2020-03-30 10:13:00 EDT,STVINCENTS CLAY CNTY,35,1,36
2020-03-30 10:13:00 EDT,FLORIDA HOSPITAL FISH MEMORIAL,29,4,33
2020-03-30 10:13:00 EDT,UF PATHLABS,32,1,33
2020-03-30 10:13:00 EDT,OSCEOLA REGIONAL MEDICAL CENTER,31,2,33
2020-03-30 10:13:00 EDT,QUEST DIAGNOSTICS - MIRAMAR,1,32,33
2020-03-30 10:13:00 EDT,QUEST DIAGNOSTICS,21,11,32
2020-03-30 10:13:00 EDT,ST VINCENT'S MEDICAL CENTER - RIVERSIDE,29,3,32
2020-03-30 10:13:00 EDT,BIOCOLLECTION WORLDWIDE INC,0,32,32
2020-03-30 10:13:00 EDT,JUPITER MEDICAL CENTER LAB,17,13,30
2020-03-30 10:13:00 EDT,Capital Regional Medical Ctr,27,1,28
2020-03-30 10:13:00 EDT,GULF BREEZE HOSPITAL LAB,24,3,27
2020-03-30 10:13:00 EDT,QUEST,3,23,26
2020-03-30 10:13:00 EDT,FLORIDA HOSPITAL FLAGLER,24,2,26
2020-03-30 10:13:00 EDT,CDC,17,9,26
2020-03-30 10:13:00 EDT,CLINICORE LABS,19,5,24
2020-03-30 10:13:00 EDT,NEMOURS CHILDRENS HOSPITAL,24,0,24
2020-03-30 10:13:00 EDT,CENTRAL FLORIDA REGIONAL HOSPITAL,19,4,23
2020-03-30 10:13:00 EDT,FLORIDA HOSPITAL HEARTLAND MED CTR CLINICAL LAB,17,5,22
2020-03-30 10:13:00 EDT,PLANTATION GENERAL HOSPITAL,15,7,22
2020-03-30 10:13:00 EDT,LAKEWOOD RANCH MEDICAL CENTER,18,4,22
2020-03-30 10:13:00 EDT,SACRED HEART HEALTH SYSTEM,0,21,21
2020-03-30 10:13:00 EDT,LABCORP BURLINGTON (ELR),5,16,21
2020-03-30 10:13:00 EDT,MARINERS HOSPITAL,19,1,20
2020-03-30 10:13:00 EDT,BAPTIST MEDICAL CENTER - BEACHES,20,0,20
2020-03-30 10:13:00 EDT,NCH NORTHEAST,17,2,19
2020-03-30 10:13:00 EDT,TENNESSEE DOH - NASHVILLE,15,4,19
2020-03-30 10:13:00 EDT,OVIEDO MEDICAL CENTER,17,0,17
2020-03-30 10:13:00 EDT,FLORIDA HOSPITAL OF CARROLLWOOD,16,1,17
2020-03-30 10:13:00 EDT,MANATEE MEMORIAL HOSPITAL,16,1,17
2020-03-30 10:13:00 EDT,QUEST DIAGNOSTICS - ATLANTA,16,0,16
2020-03-30 10:13:00 EDT,FLORIDA HOSPITAL WESLEY CHAPEL,16,0,16
2020-03-30 10:13:00 EDT,QUEST DIAGNOSTICS - WEST HILLS,13,3,16
2020-03-30 10:13:00 EDT,NORTHWEST MEDICAL CENTER,13,3,16
2020-03-30 10:13:00 EDT,BAYCARE LAB,0,15,15
2020-03-30 10:13:00 EDT,DELRAY MEDICAL CENTER,13,2,15
2020-03-30 10:13:00 EDT,FLORIDA HOSPITAL NORTH PINELLAS,14,0,14
2020-03-30 10:13:00 EDT,WEST PALM HOSPITAL LAB,6,8,14
2020-03-30 10:13:00 EDT,BIO COLLECTIONS INC,0,13,13
2020-03-30 10:13:00 EDT,JACKSON MEMORIAL HOSPITAL CLINICAL LAB,0,12,12
2020-03-30 10:13:00 EDT,ORANGE PARK MEDICAL CENTER,5,7,12
2020-03-30 10:13:00 EDT,BUREAU OF CLINICAL LABORATORIES,11,0,11
2020-03-30 10:13:00 EDT,CITRUS MEMORIAL HOSPITAL LABORATORY,11,0,11
2020-03-30 10:13:00 EDT,ARUP,0,10,10
2020-03-30 10:13:00 EDT,BAPTIST MEDICAL CENTER - NASSAU,9,1,10
2020-03-30 10:13:00 EDT,FLORIDA HOSPITAL DELAND,8,2,10
2020-03-30 10:13:00 EDT,PALMS WEST HOSPITAL LAB,5,4,9
2020-03-30 10:13:00 EDT,PHYSICIANS STAT LAB,0,9,9
2020-03-30 10:13:00 EDT,INTEGRATED REGIONAL LABORATORIES LLP,5,3,8
2020-03-30 10:13:00 EDT,SACRED HEART HOSPITAL ON THE GULF,8,0,8
2020-03-30 10:13:00 EDT,LABONE LLC DBA QUEST DIAGNOSTICS,6,2,8
2020-03-30 10:13:00 EDT,LABCORP,1,7,8
2020-03-30 10:13:00 EDT,NCH HEALTHCARE BONITA,7,0,7
2020-03-30 10:13:00 EDT,MEMORIAL HOSPITAL JACKSONVILLE,0,7,7
2020-03-30 10:13:00 EDT,QUEST DIAGNOSTIC,0,7,7
2020-03-30 10:13:00 EDT,"QUEST DIAGNOSTIC CLINICAL LABORATORIES, INC",5,2,7
2020-03-30 10:13:00 EDT,MORTON PLANT HOSPITAL,0,7,7
2020-03-30 10:13:00 EDT,PALO ALTO VA MEDICAL CENTER,0,6,6
2020-03-30 10:13:00 EDT,MARTIN MEMORIAL MEDICAL CENTER LAB,0,6,6
2020-03-30 10:13:00 EDT,BIOREFERENCE LABORATORIES,1,5,6
2020-03-30 10:13:00 EDT,MICROGEN DX,0,6,6
2020-03-30 10:13:00 EDT,EGLIN AIRFORCE BASE LAB,0,6,6
2020-03-30 10:13:00 EDT,ST VINCENTS - CLAY COUNTY,3,3,6
2020-03-30 10:13:00 EDT,RAULERSON HOSPITAL,6,0,6
2020-03-30 10:13:00 EDT,UHEALTH CORAL GABLES/LENNAR MED CTR,6,0,6
2020-03-30 10:13:00 EDT,UNIVERSITY OF MIAMI HOSPITAL & CLINICS,5,1,6
2020-03-30 10:13:00 EDT,CAPE CORAL HOSPITAL CLINICAL LABORATORY,0,5,5
2020-03-30 10:13:00 EDT,NEW YORK STATE ELR - WADSWORTH HEALTH CENTER,5,0,5
2020-03-30 10:13:00 EDT,QUEST DIAGNOSTICS-MIAMI,0,5,5
2020-03-30 10:13:00 EDT,NEW YORK STATE ELR - DEPARTMENT OF CLINICAL LABS,5,0,5
2020-03-30 10:13:00 EDT,BAPTIST HEALTH SOUTH FLORIDA,0,5,5
2020-03-30 10:13:00 EDT,NEW YORK STATE ELR - NEW YORK HOSPITAL LABORATORIES,3,1,4
2020-03-30 10:13:00 EDT,VA MEDICAL CENTER,0,4,4
2020-03-30 10:13:00 EDT,MOUNT SINAI MEDICAL CENTER,0,4,4
2020-03-30 10:13:00 EDT,ST JOSEPHS NORTH HOSPITAL LAB,4,0,4
2020-03-30 10:13:00 EDT,VAMC ORLANDO,0,4,4
2020-03-30 10:13:00 EDT,SACRED HEART-EMERALD COAST,0,4,4
2020-03-30 10:13:00 EDT,QUEST DIAGNOSTICS NICHOLS INSTITUTE- LPP,0,4,4
2020-03-30 10:13:00 EDT,SOUTH LAKE HOSPITAL,0,4,4
2020-03-30 10:13:00 EDT,COMMUNITY HEALTH OF SOUTH FLORIDA,0,4,4
2020-03-30 10:13:00 EDT,BMHSI-AEL MICROBIOLOGY LABORATORY,3,1,4
2020-03-30 10:13:00 EDT,FLORIDA HOSPITAL ZEPHYRHILLS,4,0,4
2020-03-30 10:13:00 EDT,BAPTIST EMERGENCY CENTER CLAY,3,1,4
2020-03-30 10:13:00 EDT,HALIFAX MEDICAL CENTER LAB,1,3,4
2020-03-30 10:13:00 EDT,FISHERMENS HOSPITAL CLINICAL LAB,4,0,4
2020-03-30 10:13:00 EDT,LABCORP BURLINGTON (LPP),0,4,4
2020-03-30 10:13:00 EDT,HOLMES REGIONAL MEDICAL CENTER,3,1,4
2020-03-30 10:13:00 EDT,LAB CORP,2,2,4
2020-03-30 10:13:00 EDT,ADVENT HEALTH DAYTONA,1,3,4
2020-03-30 10:13:00 EDT,MACDILL AFB HOSPITAL,0,3,3
2020-03-30 10:13:00 EDT,OAK HILL HOSPITAL,0,3,3
2020-03-30 10:13:00 EDT,ST. ANTHONY'S HOSPITAL,0,3,3
2020-03-30 10:13:00 EDT,STEWARD REFERENCE LABORATORY,0,3,3
2020-03-30 10:13:00 EDT,HIGHLANDS REGIONAL MEDICAL CENTER,3,0,3
2020-03-30 10:13:00 EDT,POINCIANA MEDICAL CENTER,2,1,3
2020-03-30 10:13:00 EDT,USAFSAM/PHE,1,2,3
2020-03-30 10:13:00 EDT,LEE MEMORIAL LAB GULF COAST,0,3,3
2020-03-30 10:13:00 EDT,ORLANDO VAMC,1,2,3
2020-03-30 10:13:00 EDT,ST LUCIE MEDICAL CENTER,1,2,3
2020-03-30 10:13:00 EDT,MAYO CLINIC DEPT OF LAB MED PATHOLOGY,0,3,3
2020-03-30 10:13:00 EDT,TGH,0,3,3
2020-03-30 10:13:00 EDT,MEMORIAL REGIONAL HOSPITAL CLINICAL LABORATORY,0,3,3
2020-03-30 10:13:00 EDT,MEMORIAL HOSPITAL PEMBROKE,0,3,3
2020-03-30 10:13:00 EDT,AMERICAN ESOTERIC LABORATORIES,0,3,3
2020-03-30 10:13:00 EDT,AdventHealth Lab,0,3,3
2020-03-30 10:13:00 EDT,NEW YORK STATE ELR - NORTH SHORE LONG ISLAND JEWISH HEALTH,2,1,3
2020-03-30 10:13:00 EDT,QUEST DIAGNOSTIC INC,0,2,2
2020-03-30 10:13:00 EDT,SEBASTIAN RIVER MEDICAL CENTER,2,0,2
2020-03-30 10:13:00 EDT,BLAKE MEDICAL CENTER,0,2,2
2020-03-30 10:13:00 EDT,BRANDON REGIONAL HOSPITAL,0,2,2
2020-03-30 10:13:00 EDT,DOCTORS HOSPITAL OF SARASOTA CLINICAL LABORATORY,0,2,2
2020-03-30 10:13:00 EDT,JACKSON NORTH MEDICAL CENTER,0,2,2
2020-03-30 10:13:00 EDT,INDIAN RIVER MEDICAL CENTER LAB,0,2,2
2020-03-30 10:13:00 EDT,ST JUDE CHILDREN'S RESEARCH HOSPITAL,2,0,2
2020-03-30 10:13:00 EDT,QUEST DIAGNOSTICS NICHOLS INSTITUTE - SJC (LPP),1,1,2
2020-03-30 10:13:00 EDT,FLORIDA DEPT OF HEALTH,2,0,2
2020-03-30 10:13:00 EDT,QUEST DIAGNOSTICS WOOD DALE,2,0,2
2020-03-30 10:13:00 EDT,SACRED HEART AT EMERALD COAST,0,2,2
2020-03-30 10:13:00 EDT,CORE DIAGNOSTIC LABORATORIES,0,2,2
2020-03-30 10:13:00 EDT,FLAGLER HOSPITAL,0,2,2
2020-03-30 10:13:00 EDT,PUTNAM COMMUNITY MEDICAL CENTER,2,0,2
2020-03-30 10:13:00 EDT,ADVENTHEALTH TAMPA,0,2,2
2020-03-30 10:13:00 EDT,ORLANDO VA MEDICAL CENTER,0,2,2
2020-03-30 10:13:00 EDT,MEMORIAL HOSPITAL MICRO,0,2,2
2020-03-30 10:13:00 EDT,LEESBURG REGIONAL MEDICAL CENTER,1,1,2
2020-03-30 10:13:00 EDT,VAMC WEST PALM LAB,0,2,2
2020-03-30 10:13:00 EDT,WHITE WILSON MEDICAL CENTER CLINIC,0,2,2
2020-03-30 10:13:00 EDT,MORTON PLANT HOSPITAL/LAB,0,2,2
2020-03-30 10:13:00 EDT,MEDICAL CENTER OF TRINITY CLINICAL LABORATORY,0,2,2
2020-03-30 10:13:00 EDT,NEW YORK STATE ELR - QUEST DIAGNOSTICS INCORPORATED,2,0,2
2020-03-30 10:13:00 EDT,NEW YORK STATE ELR - NEW YORK PRESBYTERIAN HOSPITAL CUMC CLINICAL,2,0,2
2020-03-30 10:13:00 EDT,AIT LABORATORIES,0,1,1
2020-03-30 10:13:00 EDT,ST PETERSBURG GENERAL HOSPITAL,0,1,1
2020-03-30 10:13:00 EDT,AZALEA HEALTH,0,1,1
2020-03-30 10:13:00 EDT,MHHS All Lab Subsection,1,0,1
2020-03-30 10:13:00 EDT,ST JOSEPHS HOSPITAL,0,1,1
2020-03-30 10:13:00 EDT,DOH JACKSONVILLE CENTRAL LABORATORY,1,0,1
2020-03-30 10:13:00 EDT,CORE LABORATORY,1,0,1
2020-03-30 10:13:00 EDT,WEST VIRGINIA UNIVERSITY HOSPITALS,0,1,1
2020-03-30 10:13:00 EDT,WESTCHESTER HOSPITAL,1,0,1
2020-03-30 10:13:00 EDT,SPRING HILL REGIONAL HOSPITAL,0,1,1
2020-03-30 10:13:00 EDT,BAYCARE OUTREACH LABORATORY,0,1,1
2020-03-30 10:13:00 EDT,BAYFRONT HEALTH PUNTA GORDA,0,1,1
2020-03-30 10:13:00 EDT,BAYCARE ESOTERIC DI RESULTS SS,0,1,1
2020-03-30 10:13:00 EDT,BAYCARE OUTREACH LAB,0,1,1
2020-03-30 10:13:00 EDT,UAB,0,1,1
2020-03-30 10:13:00 EDT,BETHESDA HOSPITAL EAST,0,1,1
2020-03-30 10:13:00 EDT,TAMPA GENERAL HOSPITAL CLINICAL LAB,0,1,1
2020-03-30 10:13:00 EDT,BAYFRONT MEDICAL CENTER/DEPARTMENT OF PATHOLOGY,0,1,1
2020-03-30 10:13:00 EDT,VIERA HOSPITAL,0,1,1
2020-03-30 10:13:00 EDT,STATE LAB,1,0,1
2020-03-30 10:13:00 EDT,CAROMONT HEALTH,0,1,1
2020-03-30 10:13:00 EDT,CALIFORNIA PUBLIC HEALTH LABORATORY,0,1,1
2020-03-30 10:13:00 EDT,UNKNOWN,0,1,1
2020-03-30 10:13:00 EDT,SUNRISE MEDICAL LABORATORIES,0,1,1
2020-03-30 10:13:00 EDT,BARTOW REGIONAL MEDICAL CENTER,1,0,1
2020-03-30 10:13:00 EDT,VA HOSPITAL,0,1,1
2020-03-30 10:13:00 EDT,LECONTE MEDICAL CENTER LAB,1,0,1
2020-03-30 10:13:00 EDT,PALM BAY HOSPITAL,1,0,1
2020-03-30 10:13:00 EDT,LEE HEALTH-COCONUT POINT LAB,0,1,1
2020-03-30 10:13:00 EDT,LEE MEMORIAL HOSPITAL LAB,0,1,1
2020-03-30 10:13:00 EDT,ORLANDO REGIONAL MEDICAL CENTER,0,1,1
2020-03-30 10:13:00 EDT,PALMETTO GENERAL HOSPITAL LAB,1,0,1
2020-03-30 10:13:00 EDT,PHYSICIANS STAT,0,1,1
2020-03-30 10:13:00 EDT,PHYSICIANS REGIONAL MEDICAL CENTER - COLLIER BLVD,0,1,1
2020-03-30 10:13:00 EDT,PENNSYLVANIA DEPARTMENT OF HEALTH BUREAU OF LABORATORIES,0,1,1
2020-03-30 10:13:00 EDT,LARKIN COMMUNITY HOSPITAL,0,1,1
2020-03-30 10:13:00 EDT,LARGO MEDICAL CENTER,0,1,1
2020-03-30 10:13:00 EDT,MAYO CLINIC LABS - ROCHESTER SUPERIOR DRIVE,0,1,1
2020-03-30 10:13:00 EDT,NEW YORK STATE ELR - MONTEFIORE MEDICAL CENTER LABORATORIES - MOSES,1,0,1
2020-03-30 10:13:00 EDT,NCH HEALTHCARE SYSTEM MICROBIOLOGY LAB,0,1,1
2020-03-30 10:13:00 EDT,MHS LAB,1,0,1
2020-03-30 10:13:00 EDT,MRHS LAB,0,1,1
2020-03-30 10:13:00 EDT,NEW YORK STATE ELR - NEW YORK CITY DEPARTMENT OF HEALTH & MENTAL,1,0,1
2020-03-30 10:13:00 EDT,NORTH BROWARD MEDICAL CENTER,0,1,1
2020-03-30 10:13:00 EDT,NORTHSIDE HOSPITAL AND HEART INSTITUTE,0,1,1
2020-03-30 10:13:00 EDT,NICHOLS INSTITUTE QUEST DIAGNOSTICS,0,1,1
2020-03-30 10:13:00 EDT,NEW YORK STATE ELR - ROCHESTER GENERAL HOSPITAL LABORATORY,1,0,1
2020-03-30 10:13:00 EDT,MACDILL AIRFORCE BASE MICRO,0,1,1
2020-03-30 10:13:00 EDT,FLORIDA DEPARTMENT OF HEALTH,1,0,1
2020-03-30 10:13:00 EDT,SARASOTA CO. HEALTH DEPT # 58,1,0,1
2020-03-30 10:13:00 EDT,SACRED HEART LABORATORY AT PENSACOLA,0,1,1
2020-03-30 10:13:00 EDT,REMISE OCCUPATIONAL HEALTH SOLUTIONS INC,0,1,1
2020-03-30 10:13:00 EDT,FLORIDA HOSPITAL HEARTLAND MED CTR LAKE PLACID,0,1,1
2020-03-30 10:13:00 EDT,SCDHEC BUREAU OF LABORATORIES,0,1,1
2020-03-30 10:13:00 EDT,ENGLEWOOD COMMUNITY HOSPITAL,0,1,1
2020-03-30 10:13:00 EDT,SOUTH MIAMI HOSPITAL,0,1,1
2020-03-30 10:13:00 EDT,FAWCETT MEMORIAL HOSPITAL-LAB,0,1,1
2020-03-30 10:13:00 EDT,FL PHL TAMPA,1,0,1
2020-03-30 10:13:00 EDT,SOLARIS DIAGNOSTICS,0,1,1
2020-03-30 10:13:00 EDT,INTERCOASTAL MEDICAL GROUP,0,1,1
2020-03-30 10:13:00 EDT,INTEGRATED REGIONAL LABORATORIES,0,1,1
2020-03-30 10:13:00 EDT,JACKSON MEMORIAL HOSPITAL,0,1,1
2020-03-30 10:13:00 EDT,LABCORP PHOENIX,0,1,1
2020-03-30 10:13:00 EDT,LABCORP - MIAMI,0,1,1
2020-03-30 10:13:00 EDT,QUEST DIAGNOSTICS INFECTIOUS DISEASE INC,0,1,1
2020-03-30 10:13:00 EDT,QUESTDIAGNOSTICS INCORPORATED,0,1,1
2020-03-30 10:13:00 EDT,FORT WALTON BEACH MEDICAL CENTER,0,1,1
2020-03-30 10:13:00 EDT,GESSLER CLINIC,0,1,1
2020-03-30 10:13:00 EDT,HEALTH CENTRAL HOSPITAL,0,1,1
2020-03-30 10:13:00 EDT,GULF COAST MEDICAL CENTER MICROLAB,0,1,1
2020-03-30 17:33:00 EDT,QUEST DIAGNOSTICS - TAMPA,16285,1573,NA
2020-03-30 17:33:00 EDT,LABORATORY CORPORATION OF AMERICA,7357,673,8030
2020-03-30 17:33:00 EDT,"BIO REFERENCE LABORATORIES, INC",3169,555,3724
2020-03-30 17:33:00 EDT,"QUEST DIAGNOSTICS NICHOLS INSTITUTE, INC.",3439,269,3708
2020-03-30 17:33:00 EDT,ADVENT HEALTH LAB,3267,338,3605
2020-03-30 17:33:00 EDT,MEMORIAL REGIONAL HOSPITAL SOUTH,2187,420,2607
2020-03-30 17:33:00 EDT,MAYO CLINIC LABORATORIES,2308,182,2490
2020-03-30 17:33:00 EDT,BPHL-JACKSONVILLE,2178,307,2485
2020-03-30 17:33:00 EDT,BPHL-MIAMI,1799,384,2183
2020-03-30 17:33:00 EDT,BPHL-TAMPA (SPECTRUM BLVD),1941,231,2172
2020-03-30 17:33:00 EDT,SHANDS AT THE UNIVERSITY OF FLORIDA,1923,90,2013
2020-03-30 17:33:00 EDT,TAMPA GENERAL HOSPITAL,1628,91,1719
2020-03-30 17:33:00 EDT,BAYCARE LABORATORIES LLC,946,69,1015
2020-03-30 17:33:00 EDT,SACRED HEART HOSPITAL LABORATORY,721,98,819
2020-03-30 17:33:00 EDT,BAPTIST HOSPITAL OF MIAMI CLINICAL LABORATORY,670,119,789
2020-03-30 17:33:00 EDT,UNIVERSITY OF MIAMI HOSPITAL,332,85,417
2020-03-30 17:33:00 EDT,SOUTH MIAMI HOSPITAL LAB,262,82,344
2020-03-30 17:33:00 EDT,SARASOTA MEMORIAL HOSPITAL MAIN LAB,290,37,327
2020-03-30 17:33:00 EDT,CLEVELAND CLINIC HOSPITAL LAB,242,53,295
2020-03-30 17:33:00 EDT,QUEST DIAGNOSTICS NICHOLS INSTITUTE - SJC (ELR),223,41,264
2020-03-30 17:33:00 EDT,ST JOSEPHS HOSPITAL LABORATORY,230,31,261
2020-03-30 17:33:00 EDT,NAPLES COMMUNITY HOSPITAL,216,17,233
2020-03-30 17:33:00 EDT,MORTON PLANT HOSPITAL-ADLER INSTITUTE,216,8,224
2020-03-30 17:33:00 EDT,WEST KENDALL BAPTIST HOSPITAL LABORATORY,169,51,220
2020-03-30 17:33:00 EDT,FLORIDA HOSPITAL WATERMAN LABORATORY,192,6,198
2020-03-30 17:33:00 EDT,FLORIDA HOSPITAL - TAMPA,149,7,156
2020-03-30 17:33:00 EDT,DOCTORS HOSPITAL,91,39,130
2020-03-30 17:33:00 EDT,QUEST DIAGNOSTICS NICHOLS INSTITUTE,118,3,121
2020-03-30 17:33:00 EDT,HOMESTEAD HOSPITAL CLINICAL LABORATORY,85,26,111
2020-03-30 17:33:00 EDT,JFK MEDICAL CENTER LAB,39,66,105
2020-03-30 17:33:00 EDT,AVENTURA HOSPITAL LAB,48,55,103
2020-03-30 17:33:00 EDT,LARKIN COMMUNITY HOSP.,98,2,100
2020-03-30 17:33:00 EDT,VIRACOR-EUROFINS LABORATORIES,68,31,99
2020-03-30 17:33:00 EDT,ARUP LABORATORIES,87,10,97
2020-03-30 17:33:00 EDT,BAPTIST MEDICAL CENTER JACKSONVILLE,87,3,90
2020-03-30 17:33:00 EDT,ST JOSEPHS HOSPITAL SOUTH LABORATORY,80,4,84
2020-03-30 17:33:00 EDT,ST ANTHONY'S HOSPITAL LAB,71,1,72
2020-03-30 17:33:00 EDT,LAWNWOOD REGIONAL MEDICAL CENTER,65,4,69
2020-03-30 17:33:00 EDT,WESTSIDE REGIONAL MED CTR,42,25,67
2020-03-30 17:33:00 EDT,NICKLAUS CHILDREN'S HOSPITAL,65,2,67
2020-03-30 17:33:00 EDT,ADVENTHEALTH DAYTONA BEACH,56,7,63
2020-03-30 17:33:00 EDT,WELLINGTON REGIONAL MED CTR LAB,52,9,61
2020-03-30 17:33:00 EDT,WINTER HAVEN HOSPITAL CLINICAL LABORATORY,58,1,59
2020-03-30 17:33:00 EDT,BAPTIST HOSPITAL LABORATORY,48,7,55
2020-03-30 17:33:00 EDT,SHANDS JACKSONVILLE MEDICAL CENTER INC,49,3,52
2020-03-30 17:33:00 EDT,TALLAHASSEE MEMORIAL HOSPITAL,45,5,50
2020-03-30 17:33:00 EDT,DIATHERIX LABORATORIES,14,31,45
2020-03-30 17:33:00 EDT,NCH NORTH NAPLES HOSPITAL LAB,41,3,44
2020-03-30 17:33:00 EDT,UNIVERSITY HOSPITAL AND MEDICAL CENTER,33,10,43
2020-03-30 17:33:00 EDT,MERCY HOSPITAL A CAMPUS OF PLANTATION GEN HOSP LAB,21,22,43
2020-03-30 17:33:00 EDT,ORLANDO HEALTH,0,43,43
2020-03-30 17:33:00 EDT,ST VINCENT'S MEDICAL CENTER - SOUTHSIDE,35,4,39
2020-03-30 17:33:00 EDT,BIOCOLLECTION WORLDWIDE INC,0,39,39
2020-03-30 17:33:00 EDT,STVINCENTS CLAY CNTY,35,1,36
2020-03-30 17:33:00 EDT,QUEST DIAGNOSTICS - MIRAMAR,1,34,35
2020-03-30 17:33:00 EDT,OSCEOLA REGIONAL MEDICAL CENTER,32,2,34
2020-03-30 17:33:00 EDT,UF PATHLABS,32,1,33
2020-03-30 17:33:00 EDT,FLORIDA HOSPITAL FISH MEMORIAL,29,4,33
2020-03-30 17:33:00 EDT,QUEST DIAGNOSTICS,21,11,32
2020-03-30 17:33:00 EDT,ST VINCENT'S MEDICAL CENTER - RIVERSIDE,29,3,32
2020-03-30 17:33:00 EDT,JUPITER MEDICAL CENTER LAB,17,13,30
2020-03-30 17:33:00 EDT,Capital Regional Medical Ctr,28,1,29
2020-03-30 17:33:00 EDT,GULF BREEZE HOSPITAL LAB,25,3,28
2020-03-30 17:33:00 EDT,FLORIDA HOSPITAL FLAGLER,24,2,26
2020-03-30 17:33:00 EDT,QUEST,3,23,26
2020-03-30 17:33:00 EDT,CDC,17,9,26
2020-03-30 17:33:00 EDT,PLANTATION GENERAL HOSPITAL,15,9,24
2020-03-30 17:33:00 EDT,CLINICORE LABS,19,5,24
2020-03-30 17:33:00 EDT,NEMOURS CHILDRENS HOSPITAL,24,0,24
2020-03-30 17:33:00 EDT,CENTRAL FLORIDA REGIONAL HOSPITAL,19,4,23
2020-03-30 17:33:00 EDT,TENNESSEE DOH - NASHVILLE,18,5,23
2020-03-30 17:33:00 EDT,LABCORP BURLINGTON (ELR),5,18,23
2020-03-30 17:33:00 EDT,SACRED HEART HEALTH SYSTEM,0,23,23
2020-03-30 17:33:00 EDT,LAKEWOOD RANCH MEDICAL CENTER,18,4,22
2020-03-30 17:33:00 EDT,FLORIDA HOSPITAL HEARTLAND MED CTR CLINICAL LAB,17,5,22
2020-03-30 17:33:00 EDT,MARINERS HOSPITAL,19,1,20
2020-03-30 17:33:00 EDT,BAPTIST MEDICAL CENTER - BEACHES,20,0,20
2020-03-30 17:33:00 EDT,NCH NORTHEAST,17,2,19
2020-03-30 17:33:00 EDT,QUEST DIAGNOSTICS - ATLANTA,18,0,18
2020-03-30 17:33:00 EDT,MANATEE MEMORIAL HOSPITAL,16,1,17
2020-03-30 17:33:00 EDT,OVIEDO MEDICAL CENTER,17,0,17
2020-03-30 17:33:00 EDT,WEST PALM HOSPITAL LAB,6,11,17
2020-03-30 17:33:00 EDT,NORTHWEST MEDICAL CENTER,13,4,17
2020-03-30 17:33:00 EDT,FLORIDA HOSPITAL OF CARROLLWOOD,16,1,17
2020-03-30 17:33:00 EDT,FLORIDA HOSPITAL WESLEY CHAPEL,16,0,16
2020-03-30 17:33:00 EDT,QUEST DIAGNOSTICS - WEST HILLS,13,3,16
2020-03-30 17:33:00 EDT,BAYCARE LAB,0,15,15
2020-03-30 17:33:00 EDT,DELRAY MEDICAL CENTER,13,2,15
2020-03-30 17:33:00 EDT,NEW YORK STATE ELR - DEPARTMENT OF CLINICAL LABS,12,2,14
2020-03-30 17:33:00 EDT,FLORIDA HOSPITAL NORTH PINELLAS,14,0,14
2020-03-30 17:33:00 EDT,NEW YORK STATE ELR - NEW YORK PRESBYTERIAN HOSPITAL CUMC CLINICAL,10,3,13
2020-03-30 17:33:00 EDT,BIO COLLECTIONS INC,0,13,13
2020-03-30 17:33:00 EDT,JACKSON MEMORIAL HOSPITAL CLINICAL LAB,0,12,12
2020-03-30 17:33:00 EDT,ORANGE PARK MEDICAL CENTER,5,7,12
2020-03-30 17:33:00 EDT,BUREAU OF CLINICAL LABORATORIES,11,1,12
2020-03-30 17:33:00 EDT,CITRUS MEMORIAL HOSPITAL LABORATORY,11,0,11
2020-03-30 17:33:00 EDT,ARUP,0,11,11
2020-03-30 17:33:00 EDT,BAPTIST MEDICAL CENTER - NASSAU,9,1,10
2020-03-30 17:33:00 EDT,FLORIDA HOSPITAL DELAND,8,2,10
2020-03-30 17:33:00 EDT,MOUNT SINAI MEDICAL CENTER,0,9,9
2020-03-30 17:33:00 EDT,PALMS WEST HOSPITAL LAB,5,4,9
2020-03-30 17:33:00 EDT,PHYSICIANS STAT LAB,0,9,9
2020-03-30 17:33:00 EDT,MORTON PLANT HOSPITAL,0,8,8
2020-03-30 17:33:00 EDT,SACRED HEART HOSPITAL ON THE GULF,8,0,8
2020-03-30 17:33:00 EDT,LABONE LLC DBA QUEST DIAGNOSTICS,6,2,8
2020-03-30 17:33:00 EDT,LABCORP,1,7,8
2020-03-30 17:33:00 EDT,INTEGRATED REGIONAL LABORATORIES LLP,5,3,8
2020-03-30 17:33:00 EDT,"QUEST DIAGNOSTIC CLINICAL LABORATORIES, INC",5,3,8
2020-03-30 17:33:00 EDT,QUEST DIAGNOSTIC,1,7,8
2020-03-30 17:33:00 EDT,NEW YORK STATE ELR - WADSWORTH HEALTH CENTER,6,1,7
2020-03-30 17:33:00 EDT,MEMORIAL HOSPITAL JACKSONVILLE,0,7,7
2020-03-30 17:33:00 EDT,NCH HEALTHCARE BONITA,7,0,7
2020-03-30 17:33:00 EDT,PALO ALTO VA MEDICAL CENTER,0,6,6
2020-03-30 17:33:00 EDT,MARTIN MEMORIAL MEDICAL CENTER LAB,0,6,6
2020-03-30 17:33:00 EDT,UNIVERSITY OF MIAMI HOSPITAL & CLINICS,5,1,6
2020-03-30 17:33:00 EDT,QUEST DIAGNOSTICS-MIAMI,0,6,6
2020-03-30 17:33:00 EDT,RAULERSON HOSPITAL,6,0,6
2020-03-30 17:33:00 EDT,UHEALTH CORAL GABLES/LENNAR MED CTR,6,0,6
2020-03-30 17:33:00 EDT,MICROGEN DX,0,6,6
2020-03-30 17:33:00 EDT,ST VINCENTS - CLAY COUNTY,3,3,6
2020-03-30 17:33:00 EDT,EGLIN AIRFORCE BASE LAB,0,6,6
2020-03-30 17:33:00 EDT,AdventHealth Lab,0,6,6
2020-03-30 17:33:00 EDT,BIOREFERENCE LABORATORIES,1,5,6
2020-03-30 17:33:00 EDT,HALIFAX MEDICAL CENTER LAB,1,4,5
2020-03-30 17:33:00 EDT,ADVENT HEALTH DAYTONA,1,4,5
2020-03-30 17:33:00 EDT,NEW YORK STATE ELR - NEW YORK HOSPITAL LABORATORIES,4,1,5
2020-03-30 17:33:00 EDT,ADVENTHEALTH TAMPA,0,5,5
2020-03-30 17:33:00 EDT,NEW YORK STATE ELR - NORTH SHORE LONG ISLAND JEWISH HEALTH,3,2,5
2020-03-30 17:33:00 EDT,NEW YORK STATE ELR - QUEST DIAGNOSTICS INCORPORATED,2,3,5
2020-03-30 17:33:00 EDT,BAPTIST HEALTH SOUTH FLORIDA,0,5,5
2020-03-30 17:33:00 EDT,CAPE CORAL HOSPITAL CLINICAL LABORATORY,0,5,5
2020-03-30 17:33:00 EDT,ST LUCIE MEDICAL CENTER,1,4,5
2020-03-30 17:33:00 EDT,SACRED HEART LABORATORY AT PENSACOLA,0,5,5
2020-03-30 17:33:00 EDT,VAMC ORLANDO,0,4,4
2020-03-30 17:33:00 EDT,SACRED HEART-EMERALD COAST,0,4,4
2020-03-30 17:33:00 EDT,COMMUNITY HEALTH OF SOUTH FLORIDA,0,4,4
2020-03-30 17:33:00 EDT,VA MEDICAL CENTER,0,4,4
2020-03-30 17:33:00 EDT,NEW YORK STATE ELR - MONTEFIORE MEDICAL CENTER LABORATORIES - MOSES,1,3,4
2020-03-30 17:33:00 EDT,SOUTH LAKE HOSPITAL,0,4,4
2020-03-30 17:33:00 EDT,ST JOSEPHS NORTH HOSPITAL LAB,4,0,4
2020-03-30 17:33:00 EDT,FLORIDA HOSPITAL ZEPHYRHILLS,4,0,4
2020-03-30 17:33:00 EDT,HOLMES REGIONAL MEDICAL CENTER,3,1,4
2020-03-30 17:33:00 EDT,BAPTIST EMERGENCY CENTER CLAY,3,1,4
2020-03-30 17:33:00 EDT,BMHSI-AEL MICROBIOLOGY LABORATORY,3,1,4
2020-03-30 17:33:00 EDT,QUEST DIAGNOSTICS NICHOLS INSTITUTE- LPP,0,4,4
2020-03-30 17:33:00 EDT,FISHERMENS HOSPITAL CLINICAL LAB,4,0,4
2020-03-30 17:33:00 EDT,LAB CORP,2,2,4
2020-03-30 17:33:00 EDT,LABCORP BURLINGTON (LPP),0,4,4
2020-03-30 17:33:00 EDT,HIGHLANDS REGIONAL MEDICAL CENTER,3,0,3
2020-03-30 17:33:00 EDT,MEMORIAL HOSPITAL PEMBROKE,0,3,3
2020-03-30 17:33:00 EDT,OAK HILL HOSPITAL,0,3,3
2020-03-30 17:33:00 EDT,SACRED HEART AT EMERALD COAST,0,3,3
2020-03-30 17:33:00 EDT,POINCIANA MEDICAL CENTER,2,1,3
2020-03-30 17:33:00 EDT,ORLANDO VAMC,1,2,3
2020-03-30 17:33:00 EDT,LEE MEMORIAL LAB GULF COAST,0,3,3
2020-03-30 17:33:00 EDT,ST. ANTHONY'S HOSPITAL,0,3,3
2020-03-30 17:33:00 EDT,MEMORIAL REGIONAL HOSPITAL CLINICAL LABORATORY,0,3,3
2020-03-30 17:33:00 EDT,TGH,0,3,3
2020-03-30 17:33:00 EDT,PUTNAM COMMUNITY MEDICAL CENTER,3,0,3
2020-03-30 17:33:00 EDT,AMERICAN ESOTERIC LABORATORIES,0,3,3
2020-03-30 17:33:00 EDT,USAFSAM/PHE,1,2,3
2020-03-30 17:33:00 EDT,MACDILL AFB HOSPITAL,0,3,3
2020-03-30 17:33:00 EDT,NEW YORK STATE ELR - SUNRISE MEDICAL LABORATORIES,1,2,3
2020-03-30 17:33:00 EDT,STEWARD REFERENCE LABORATORY,0,3,3
2020-03-30 17:33:00 EDT,MAYO CLINIC DEPT OF LAB MED PATHOLOGY,0,3,3
2020-03-30 17:33:00 EDT,QUEST DIAGNOSTIC INC,0,2,2
2020-03-30 17:33:00 EDT,SEBASTIAN RIVER MEDICAL CENTER,2,0,2
2020-03-30 17:33:00 EDT,BRANDON REGIONAL HOSPITAL,0,2,2
2020-03-30 17:33:00 EDT,BLAKE MEDICAL CENTER,0,2,2
2020-03-30 17:33:00 EDT,ORLANDO VA MEDICAL CENTER,0,2,2
2020-03-30 17:33:00 EDT,FLAGLER HOSPITAL,0,2,2
2020-03-30 17:33:00 EDT,FLORIDA DEPT OF HEALTH,2,0,2
2020-03-30 17:33:00 EDT,LEESBURG REGIONAL MEDICAL CENTER,1,1,2
2020-03-30 17:33:00 EDT,QUEST DIAGNOSTICS WOOD DALE,2,0,2
2020-03-30 17:33:00 EDT,CORE DIAGNOSTIC LABORATORIES,0,2,2
2020-03-30 17:33:00 EDT,MEDICAL CENTER OF TRINITY CLINICAL LABORATORY,0,2,2
2020-03-30 17:33:00 EDT,MAYO CLINIC LABS - ROCHESTER SUPERIOR DRIVE,0,2,2
2020-03-30 17:33:00 EDT,QUEST DIAGNOSTICS NICHOLS INSTITUTE - SJC (LPP),1,1,2
2020-03-30 17:33:00 EDT,ST JUDE CHILDREN'S RESEARCH HOSPITAL,2,0,2
2020-03-30 17:33:00 EDT,MEMORIAL HOSPITAL MICRO,0,2,2
2020-03-30 17:33:00 EDT,DOCTORS HOSPITAL OF SARASOTA CLINICAL LABORATORY,0,2,2
2020-03-30 17:33:00 EDT,HEALTH CENTRAL HOSPITAL,0,2,2
2020-03-30 17:33:00 EDT,MORTON PLANT HOSPITAL/LAB,0,2,2
2020-03-30 17:33:00 EDT,GULF COAST MEDICAL GROUP,0,2,2
2020-03-30 17:33:00 EDT,WHITE WILSON MEDICAL CENTER CLINIC,0,2,2
2020-03-30 17:33:00 EDT,INDIAN RIVER MEDICAL CENTER LAB,0,2,2
2020-03-30 17:33:00 EDT,JACKSON NORTH MEDICAL CENTER,0,2,2
2020-03-30 17:33:00 EDT,VAMC WEST PALM LAB,0,2,2
2020-03-30 17:33:00 EDT,AIT LABORATORIES,0,1,1
2020-03-30 17:33:00 EDT,ST JOSEPHS HOSPITAL,0,1,1
2020-03-30 17:33:00 EDT,ST JOSEPH HOSPITAL,1,0,1
2020-03-30 17:33:00 EDT,BARTOW REGIONAL MEDICAL CENTER,1,0,1
2020-03-30 17:33:00 EDT,UNKNOWN,0,1,1
2020-03-30 17:33:00 EDT,SPRING HILL REGIONAL HOSPITAL,0,1,1
2020-03-30 17:33:00 EDT,VIERA HOSPITAL,0,1,1
2020-03-30 17:33:00 EDT,VA OUTPATIENT,0,1,1
2020-03-30 17:33:00 EDT,SOUTH MIAMI HOSPITAL,0,1,1
2020-03-30 17:33:00 EDT,ST FRANCIS HOSPITAL,0,1,1
2020-03-30 17:33:00 EDT,AZALEA HEALTH,0,1,1
2020-03-30 17:33:00 EDT,VA HOSPITAL,0,1,1
2020-03-30 17:33:00 EDT,VIKOR SCIENTIFIC,0,1,1
2020-03-30 17:33:00 EDT,BAYONET POINT REGIONAL MEDICAL CENTER,0,1,1
2020-03-30 17:33:00 EDT,BAYFRONT HEALTH PUNTA GORDA,0,1,1
2020-03-30 17:33:00 EDT,BETHESDA HOSPITAL EAST,0,1,1
2020-03-30 17:33:00 EDT,BAYCARE OUTREACH LABORATORY,0,1,1
2020-03-30 17:33:00 EDT,STATE LAB,1,0,1
2020-03-30 17:33:00 EDT,BAYFRONT MEDICAL CENTER/DEPARTMENT OF PATHOLOGY,0,1,1
2020-03-30 17:33:00 EDT,SUNRISE MEDICAL LABORATORIES,0,1,1
2020-03-30 17:33:00 EDT,ACUTIS DIAGNOSTICS,1,0,1
2020-03-30 17:33:00 EDT,WEST VIRGINIA UNIVERSITY HOSPITALS,0,1,1
2020-03-30 17:33:00 EDT,TUFTS MEDICAL CENTER,0,1,1
2020-03-30 17:33:00 EDT,BAYCARE ESOTERIC DI RESULTS SS,0,1,1
2020-03-30 17:33:00 EDT,UAB,0,1,1
2020-03-30 17:33:00 EDT,ST PETERSBURG GENERAL HOSPITAL,0,1,1
2020-03-30 17:33:00 EDT,TAMPA GENERAL HOSPITAL CLINICAL LAB,0,1,1
2020-03-30 17:33:00 EDT,WESTCHESTER HOSPITAL,1,0,1
2020-03-30 17:33:00 EDT,BAYCARE OUTREACH LAB,0,1,1
2020-03-30 17:33:00 EDT,CALIFORNIA PUBLIC HEALTH LABORATORY,0,1,1
2020-03-30 17:33:00 EDT,INTERCOASTAL MEDICAL GROUP,0,1,1
2020-03-30 17:33:00 EDT,NEW YORK STATE ELR - QUEST DIAGNOSTICS NICHOLS,1,0,1
2020-03-30 17:33:00 EDT,NEW YORK STATE ELR - ROCHESTER GENERAL HOSPITAL LABORATORY,1,0,1
2020-03-30 17:33:00 EDT,NEW YORK STATE ELR - GOOD SAMARITAN HOSPITAL LABORATORY,1,0,1
2020-03-30 17:33:00 EDT,NEW YORK STATE ELR - KALEIDA HEALTH CENTER FOR LABORATORY,1,0,1
2020-03-30 17:33:00 EDT,NEW YORK STATE ELR - NEW YORK CITY DEPARTMENT OF HEALTH & MENTAL,1,0,1
2020-03-30 17:33:00 EDT,NORTHSIDE HOSPITAL AND HEART INSTITUTE,0,1,1
2020-03-30 17:33:00 EDT,HURLBURT FIELD CLINIC,0,1,1
2020-03-30 17:33:00 EDT,ORLANDO REGIONAL MEDICAL CENTER,0,1,1
2020-03-30 17:33:00 EDT,INTEGRATED REGIONAL LABORATORIES,0,1,1
2020-03-30 17:33:00 EDT,NICHOLS INSTITUTE QUEST DIAGNOSTICS,0,1,1
2020-03-30 17:33:00 EDT,NORTH BROWARD MEDICAL CENTER,0,1,1
2020-03-30 17:33:00 EDT,JACKSON MEMORIAL HOSPITAL,0,1,1
2020-03-30 17:33:00 EDT,LEE HEALTH-COCONUT POINT LAB,0,1,1
2020-03-30 17:33:00 EDT,LECONTE MEDICAL CENTER LAB,1,0,1
2020-03-30 17:33:00 EDT,LARKIN COMMUNITY HOSPITAL,0,1,1
2020-03-30 17:33:00 EDT,LEE MEMORIAL HOSPITAL LAB,0,1,1
2020-03-30 17:33:00 EDT,MHHS All Lab Subsection,1,0,1
2020-03-30 17:33:00 EDT,MHS LAB,1,0,1
2020-03-30 17:33:00 EDT,NAVY HOSPITAL,0,1,1
2020-03-30 17:33:00 EDT,NCH HEALTHCARE SYSTEM MICROBIOLOGY LAB,0,1,1
2020-03-30 17:33:00 EDT,LABCORP - MIAMI,0,1,1
2020-03-30 17:33:00 EDT,LARGO MEDICAL CENTER,0,1,1
2020-03-30 17:33:00 EDT,MRHS LAB,0,1,1
2020-03-30 17:33:00 EDT,LABCORP PHOENIX,0,1,1
2020-03-30 17:33:00 EDT,ENGLEWOOD COMMUNITY HOSPITAL,0,1,1
2020-03-30 17:33:00 EDT,QUESTDIAGNOSTICS INCORPORATED,0,1,1
2020-03-30 17:33:00 EDT,DOH JACKSONVILLE CENTRAL LABORATORY,1,0,1
2020-03-30 17:33:00 EDT,QUEST DIAGNOSTICS INFECTIOUS DISEASE INC,0,1,1
2020-03-30 17:33:00 EDT,MACDILL AIRFORCE BASE MICRO,0,1,1
2020-03-30 17:33:00 EDT,FAWCETT MEMORIAL HOSPITAL-LAB,0,1,1
2020-03-30 17:33:00 EDT,SCDHEC BUREAU OF LABORATORIES,0,1,1
2020-03-30 17:33:00 EDT,CAROMONT HEALTH,0,1,1
2020-03-30 17:33:00 EDT,SOLARIS DIAGNOSTICS,0,1,1
2020-03-30 17:33:00 EDT,REMISE OCCUPATIONAL HEALTH SOLUTIONS INC,0,1,1
2020-03-30 17:33:00 EDT,CORE LABORATORY,1,0,1
2020-03-30 17:33:00 EDT,SARASOTA CO. HEALTH DEPT # 58,1,0,1
2020-03-30 17:33:00 EDT,FL PHL TAMPA,1,0,1
2020-03-30 17:33:00 EDT,PENNSYLVANIA DEPARTMENT OF HEALTH BUREAU OF LABORATORIES,0,1,1
2020-03-30 17:33:00 EDT,PHYSICIANS STAT,0,1,1
2020-03-30 17:33:00 EDT,PHYSICIANS REGIONAL MEDICAL CENTER - COLLIER BLVD,0,1,1
2020-03-30 17:33:00 EDT,PALM BAY HOSPITAL,1,0,1
2020-03-30 17:33:00 EDT,PALMETTO GENERAL HOSPITAL LAB,1,0,1
2020-03-30 17:33:00 EDT,GULF COAST MEDICAL CENTER MICROLAB,0,1,1
2020-03-30 17:33:00 EDT,FLORIDA HOSPITAL LABORATORIES,1,0,1
2020-03-30 17:33:00 EDT,FLORIDA HOSPITAL HEARTLAND MED CTR LAKE PLACID,0,1,1
2020-03-30 17:33:00 EDT,FLORIDA DEPARTMENT OF HEALTH,1,0,1
2020-03-30 17:33:00 EDT,GESSLER CLINIC,0,1,1
2020-03-30 17:33:00 EDT,GENETRAIT LABORATORIES,0,1,1
2020-03-30 17:33:00 EDT,FORT WALTON BEACH MEDICAL CENTER,0,1,1
2020-03-31 10:55:00 EDT,QUEST DIAGNOSTICS - TAMPA,17749,1755,NA
2020-03-31 10:55:00 EDT,LABORATORY CORPORATION OF AMERICA,8512,796,9308
2020-03-31 10:55:00 EDT,ADVENT HEALTH LAB,3536,438,3974
2020-03-31 10:55:00 EDT,"BIO REFERENCE LABORATORIES, INC",3169,555,3724
2020-03-31 10:55:00 EDT,"QUEST DIAGNOSTICS NICHOLS INSTITUTE, INC.",3439,272,3711
2020-03-31 10:55:00 EDT,MAYO CLINIC LABORATORIES,2664,217,2881
2020-03-31 10:55:00 EDT,MEMORIAL REGIONAL HOSPITAL SOUTH,2305,465,2770
2020-03-31 10:55:00 EDT,BPHL-JACKSONVILLE,2307,335,2642
2020-03-31 10:55:00 EDT,BPHL-MIAMI,1917,415,2332
2020-03-31 10:55:00 EDT,BPHL-TAMPA (SPECTRUM BLVD),2020,245,2265
2020-03-31 10:55:00 EDT,SHANDS AT THE UNIVERSITY OF FLORIDA,2021,100,2121
2020-03-31 10:55:00 EDT,TAMPA GENERAL HOSPITAL,1740,96,1836
2020-03-31 10:55:00 EDT,BAYCARE LABORATORIES LLC,1115,83,1198
2020-03-31 10:55:00 EDT,SACRED HEART HOSPITAL LABORATORY,824,108,932
2020-03-31 10:55:00 EDT,BAPTIST HOSPITAL OF MIAMI CLINICAL LABORATORY,752,135,887
2020-03-31 10:55:00 EDT,QUEST DIAGNOSTICS NICHOLS INSTITUTE - SJC (ELR),376,77,453
2020-03-31 10:55:00 EDT,UNIVERSITY OF MIAMI HOSPITAL,337,88,425
2020-03-31 10:55:00 EDT,SOUTH MIAMI HOSPITAL LAB,321,100,421
2020-03-31 10:55:00 EDT,CLEVELAND CLINIC HOSPITAL LAB,268,62,330
2020-03-31 10:55:00 EDT,SARASOTA MEMORIAL HOSPITAL MAIN LAB,291,37,328
2020-03-31 10:55:00 EDT,ST JOSEPHS HOSPITAL LABORATORY,259,36,295
2020-03-31 10:55:00 EDT,MORTON PLANT HOSPITAL-ADLER INSTITUTE,270,8,278
2020-03-31 10:55:00 EDT,NAPLES COMMUNITY HOSPITAL,253,22,275
2020-03-31 10:55:00 EDT,WEST KENDALL BAPTIST HOSPITAL LABORATORY,186,62,248
2020-03-31 10:55:00 EDT,FLORIDA HOSPITAL WATERMAN LABORATORY,192,6,198
2020-03-31 10:55:00 EDT,FLORIDA HOSPITAL - TAMPA,149,7,156
2020-03-31 10:55:00 EDT,DOCTORS HOSPITAL,96,50,146
2020-03-31 10:55:00 EDT,ST JOSEPHS HOSPITAL SOUTH LABORATORY,121,7,128
2020-03-31 10:55:00 EDT,HOMESTEAD HOSPITAL CLINICAL LABORATORY,94,32,126
2020-03-31 10:55:00 EDT,QUEST DIAGNOSTICS NICHOLS INSTITUTE,118,3,121
2020-03-31 10:55:00 EDT,AVENTURA HOSPITAL LAB,48,67,115
2020-03-31 10:55:00 EDT,JFK MEDICAL CENTER LAB,39,74,113
2020-03-31 10:55:00 EDT,LARKIN COMMUNITY HOSP.,109,2,111
2020-03-31 10:55:00 EDT,VIRACOR-EUROFINS LABORATORIES,68,31,99
2020-03-31 10:55:00 EDT,BAPTIST MEDICAL CENTER JACKSONVILLE,94,4,98
2020-03-31 10:55:00 EDT,ARUP LABORATORIES,87,10,97
2020-03-31 10:55:00 EDT,ST ANTHONY'S HOSPITAL LAB,89,2,91
2020-03-31 10:55:00 EDT,LAWNWOOD REGIONAL MEDICAL CENTER,65,5,70
2020-03-31 10:55:00 EDT,WESTSIDE REGIONAL MED CTR,42,26,68
2020-03-31 10:55:00 EDT,WINTER HAVEN HOSPITAL CLINICAL LABORATORY,66,1,67
2020-03-31 10:55:00 EDT,NICKLAUS CHILDREN'S HOSPITAL,65,2,67
2020-03-31 10:55:00 EDT,SHANDS JACKSONVILLE MEDICAL CENTER INC,60,4,64
2020-03-31 10:55:00 EDT,ADVENTHEALTH DAYTONA BEACH,56,7,63
2020-03-31 10:55:00 EDT,BAPTIST HOSPITAL LABORATORY,56,7,63
2020-03-31 10:55:00 EDT,WELLINGTON REGIONAL MED CTR LAB,52,9,61
2020-03-31 10:55:00 EDT,BIOCOLLECTION WORLDWIDE INC,0,56,56
2020-03-31 10:55:00 EDT,TALLAHASSEE MEMORIAL HOSPITAL,45,5,50
2020-03-31 10:55:00 EDT,NCH NORTH NAPLES HOSPITAL LAB,46,4,50
2020-03-31 10:55:00 EDT,MERCY HOSPITAL A CAMPUS OF PLANTATION GEN HOSP LAB,21,27,48
2020-03-31 10:55:00 EDT,ORLANDO HEALTH,0,47,47
2020-03-31 10:55:00 EDT,DIATHERIX LABORATORIES,15,31,46
2020-03-31 10:55:00 EDT,JUPITER MEDICAL CENTER LAB,28,17,45
2020-03-31 10:55:00 EDT,UNIVERSITY HOSPITAL AND MEDICAL CENTER,33,11,44
2020-03-31 10:55:00 EDT,ST VINCENT'S MEDICAL CENTER - SOUTHSIDE,40,4,44
2020-03-31 10:55:00 EDT,STVINCENTS CLAY CNTY,41,1,42
2020-03-31 10:55:00 EDT,ST VINCENT'S MEDICAL CENTER - RIVERSIDE,32,3,35
2020-03-31 10:55:00 EDT,QUEST DIAGNOSTICS - MIRAMAR,1,34,35
2020-03-31 10:55:00 EDT,UF PATHLABS,33,1,34
2020-03-31 10:55:00 EDT,OSCEOLA REGIONAL MEDICAL CENTER,32,2,34
2020-03-31 10:55:00 EDT,FLORIDA HOSPITAL FISH MEMORIAL,29,4,33
2020-03-31 10:55:00 EDT,QUEST DIAGNOSTICS,21,11,32
2020-03-31 10:55:00 EDT,PLANTATION GENERAL HOSPITAL,15,15,30
2020-03-31 10:55:00 EDT,GULF BREEZE HOSPITAL LAB,27,3,30
2020-03-31 10:55:00 EDT,Capital Regional Medical Ctr,28,1,29
2020-03-31 10:55:00 EDT,NEMOURS CHILDRENS HOSPITAL,27,0,27
2020-03-31 10:55:00 EDT,CDC,17,9,26
2020-03-31 10:55:00 EDT,FLORIDA HOSPITAL FLAGLER,24,2,26
2020-03-31 10:55:00 EDT,QUEST,3,23,26
2020-03-31 10:55:00 EDT,CLINICORE LABS,19,6,25
2020-03-31 10:55:00 EDT,MARINERS HOSPITAL,21,3,24
2020-03-31 10:55:00 EDT,BAPTIST MEDICAL CENTER - NASSAU,22,2,24
2020-03-31 10:55:00 EDT,BAPTIST MEDICAL CENTER - BEACHES,24,0,24
2020-03-31 10:55:00 EDT,LABCORP BURLINGTON (ELR),6,18,24
2020-03-31 10:55:00 EDT,SACRED HEART HEALTH SYSTEM,0,23,23
2020-03-31 10:55:00 EDT,TENNESSEE DOH - NASHVILLE,18,5,23
2020-03-31 10:55:00 EDT,CENTRAL FLORIDA REGIONAL HOSPITAL,19,4,23
2020-03-31 10:55:00 EDT,LAKEWOOD RANCH MEDICAL CENTER,18,4,22
2020-03-31 10:55:00 EDT,FLORIDA HOSPITAL HEARTLAND MED CTR CLINICAL LAB,17,5,22
2020-03-31 10:55:00 EDT,NCH NORTHEAST,18,2,20
2020-03-31 10:55:00 EDT,WEST PALM HOSPITAL LAB,6,13,19
2020-03-31 10:55:00 EDT,BAYCARE LAB,0,18,18
2020-03-31 10:55:00 EDT,QUEST DIAGNOSTICS - ATLANTA,18,0,18
2020-03-31 10:55:00 EDT,OVIEDO MEDICAL CENTER,18,0,18
2020-03-31 10:55:00 EDT,NORTHWEST MEDICAL CENTER,13,4,17
2020-03-31 10:55:00 EDT,FLORIDA HOSPITAL OF CARROLLWOOD,16,1,17
2020-03-31 10:55:00 EDT,MANATEE MEMORIAL HOSPITAL,16,1,17
2020-03-31 10:55:00 EDT,QUEST DIAGNOSTICS - WEST HILLS,13,3,16
2020-03-31 10:55:00 EDT,FLORIDA HOSPITAL WESLEY CHAPEL,16,0,16
2020-03-31 10:55:00 EDT,DELRAY MEDICAL CENTER,13,2,15
2020-03-31 10:55:00 EDT,FLORIDA HOSPITAL NORTH PINELLAS,14,0,14
2020-03-31 10:55:00 EDT,MOUNT SINAI MEDICAL CENTER,0,14,14
2020-03-31 10:55:00 EDT,NEW YORK STATE ELR - DEPARTMENT OF CLINICAL LABS,12,2,14
2020-03-31 10:55:00 EDT,BIO COLLECTIONS INC,0,13,13
2020-03-31 10:55:00 EDT,ORANGE PARK MEDICAL CENTER,5,8,13
2020-03-31 10:55:00 EDT,NEW YORK STATE ELR - NEW YORK PRESBYTERIAN HOSPITAL CUMC CLINICAL,10,3,13
2020-03-31 10:55:00 EDT,PALMS WEST HOSPITAL LAB,5,8,13
2020-03-31 10:55:00 EDT,BUREAU OF CLINICAL LABORATORIES,11,1,12
2020-03-31 10:55:00 EDT,JACKSON MEMORIAL HOSPITAL CLINICAL LAB,0,12,12
2020-03-31 10:55:00 EDT,CITRUS MEMORIAL HOSPITAL LABORATORY,11,0,11
2020-03-31 10:55:00 EDT,MEMORIAL HOSPITAL JACKSONVILLE,0,11,11
2020-03-31 10:55:00 EDT,ARUP,0,11,11
2020-03-31 10:55:00 EDT,FLORIDA HOSPITAL DELAND,8,2,10
2020-03-31 10:55:00 EDT,PHYSICIANS STAT LAB,0,9,9
2020-03-31 10:55:00 EDT,LABONE LLC DBA QUEST DIAGNOSTICS,6,2,8
2020-03-31 10:55:00 EDT,SACRED HEART HOSPITAL ON THE GULF,8,0,8
2020-03-31 10:55:00 EDT,MORTON PLANT HOSPITAL,0,8,8
2020-03-31 10:55:00 EDT,LABCORP,1,7,8
2020-03-31 10:55:00 EDT,INTEGRATED REGIONAL LABORATORIES LLP,5,3,8
2020-03-31 10:55:00 EDT,"QUEST DIAGNOSTIC CLINICAL LABORATORIES, INC",5,3,8
2020-03-31 10:55:00 EDT,QUEST DIAGNOSTIC,1,7,8
2020-03-31 10:55:00 EDT,NCH HEALTHCARE BONITA,7,0,7
2020-03-31 10:55:00 EDT,PALO ALTO VA MEDICAL CENTER,0,7,7
2020-03-31 10:55:00 EDT,NEW YORK STATE ELR - WADSWORTH HEALTH CENTER,6,1,7
2020-03-31 10:55:00 EDT,MICROGEN DX,1,6,7
2020-03-31 10:55:00 EDT,QUEST DIAGNOSTICS-MIAMI,0,7,7
2020-03-31 10:55:00 EDT,BAPTIST EMERGENCY CENTER CLAY,6,1,7
2020-03-31 10:55:00 EDT,EGLIN AIRFORCE BASE LAB,0,7,7
2020-03-31 10:55:00 EDT,ST VINCENTS - CLAY COUNTY,3,3,6
2020-03-31 10:55:00 EDT,MARTIN MEMORIAL MEDICAL CENTER LAB,0,6,6
2020-03-31 10:55:00 EDT,UHEALTH CORAL GABLES/LENNAR MED CTR,6,0,6
2020-03-31 10:55:00 EDT,AdventHealth Lab,0,6,6
2020-03-31 10:55:00 EDT,UNIVERSITY OF MIAMI HOSPITAL & CLINICS,5,1,6
2020-03-31 10:55:00 EDT,BIOREFERENCE LABORATORIES,1,5,6
2020-03-31 10:55:00 EDT,SOUTH LAKE HOSPITAL,0,6,6
2020-03-31 10:55:00 EDT,RAULERSON HOSPITAL,6,0,6
2020-03-31 10:55:00 EDT,NEW YORK STATE ELR - NEW YORK HOSPITAL LABORATORIES,4,1,5
2020-03-31 10:55:00 EDT,NEW YORK STATE ELR - NORTH SHORE LONG ISLAND JEWISH HEALTH,3,2,5
2020-03-31 10:55:00 EDT,NEW YORK STATE ELR - QUEST DIAGNOSTICS INCORPORATED,2,3,5
2020-03-31 10:55:00 EDT,HALIFAX MEDICAL CENTER LAB,1,4,5
2020-03-31 10:55:00 EDT,ST LUCIE MEDICAL CENTER,1,4,5
2020-03-31 10:55:00 EDT,ST JOSEPHS NORTH HOSPITAL LAB,5,0,5
2020-03-31 10:55:00 EDT,BAPTIST HEALTH SOUTH FLORIDA,0,5,5
2020-03-31 10:55:00 EDT,SACRED HEART LABORATORY AT PENSACOLA,0,5,5
2020-03-31 10:55:00 EDT,CAPE CORAL HOSPITAL CLINICAL LABORATORY,0,5,5
2020-03-31 10:55:00 EDT,ADVENTHEALTH TAMPA,0,5,5
2020-03-31 10:55:00 EDT,ADVENT HEALTH DAYTONA,1,4,5
2020-03-31 10:55:00 EDT,VAMC ORLANDO,0,4,4
2020-03-31 10:55:00 EDT,SACRED HEART-EMERALD COAST,0,4,4
2020-03-31 10:55:00 EDT,VA MEDICAL CENTER,0,4,4
2020-03-31 10:55:00 EDT,ORLANDO VA MEDICAL CENTER,0,4,4
2020-03-31 10:55:00 EDT,NEW YORK STATE ELR - MONTEFIORE MEDICAL CENTER LABORATORIES - MOSES,1,3,4
2020-03-31 10:55:00 EDT,HOLMES REGIONAL MEDICAL CENTER,3,1,4
2020-03-31 10:55:00 EDT,COMMUNITY HEALTH OF SOUTH FLORIDA,0,4,4
2020-03-31 10:55:00 EDT,FLORIDA HOSPITAL ZEPHYRHILLS,4,0,4
2020-03-31 10:55:00 EDT,LAB CORP,2,2,4
2020-03-31 10:55:00 EDT,LABCORP BURLINGTON (LPP),0,4,4
2020-03-31 10:55:00 EDT,BMHSI-AEL MICROBIOLOGY LABORATORY,3,1,4
2020-03-31 10:55:00 EDT,QUEST DIAGNOSTICS NICHOLS INSTITUTE- LPP,0,4,4
2020-03-31 10:55:00 EDT,FISHERMENS HOSPITAL CLINICAL LAB,4,0,4
2020-03-31 10:55:00 EDT,OAK HILL HOSPITAL,0,3,3
2020-03-31 10:55:00 EDT,MEMORIAL HOSPITAL PEMBROKE,0,3,3
2020-03-31 10:55:00 EDT,CORE DIAGNOSTIC LABORATORIES,0,3,3
2020-03-31 10:55:00 EDT,MAYO CLINIC DEPT OF LAB MED PATHOLOGY,0,3,3
2020-03-31 10:55:00 EDT,ST. ANTHONY'S HOSPITAL,0,3,3
2020-03-31 10:55:00 EDT,PUTNAM COMMUNITY MEDICAL CENTER,3,0,3
2020-03-31 10:55:00 EDT,POINCIANA MEDICAL CENTER,2,1,3
2020-03-31 10:55:00 EDT,ORLANDO VAMC,1,2,3
2020-03-31 10:55:00 EDT,TGH,0,3,3
2020-03-31 10:55:00 EDT,FLAGLER HOSPITAL,0,3,3
2020-03-31 10:55:00 EDT,NEW YORK STATE ELR - SUNRISE MEDICAL LABORATORIES,1,2,3
2020-03-31 10:55:00 EDT,USAFSAM/PHE,1,2,3
2020-03-31 10:55:00 EDT,UR MEDICINE LABS- CENTRAL LABORATORY,3,0,3
2020-03-31 10:55:00 EDT,AMERICAN ESOTERIC LABORATORIES,0,3,3
2020-03-31 10:55:00 EDT,MACDILL AFB HOSPITAL,0,3,3
2020-03-31 10:55:00 EDT,LEE MEMORIAL LAB GULF COAST,0,3,3
2020-03-31 10:55:00 EDT,JACKSON NORTH MEDICAL CENTER,0,3,3
2020-03-31 10:55:00 EDT,VAMC WEST PALM LAB,0,3,3
2020-03-31 10:55:00 EDT,MEMORIAL REGIONAL HOSPITAL CLINICAL LABORATORY,0,3,3
2020-03-31 10:55:00 EDT,SACRED HEART AT EMERALD COAST,0,3,3
2020-03-31 10:55:00 EDT,STEWARD REFERENCE LABORATORY,0,3,3
2020-03-31 10:55:00 EDT,HIGHLANDS REGIONAL MEDICAL CENTER,3,0,3
2020-03-31 10:55:00 EDT,BRANDON REGIONAL HOSPITAL,0,2,2
2020-03-31 10:55:00 EDT,SEBASTIAN RIVER MEDICAL CENTER,2,0,2
2020-03-31 10:55:00 EDT,WHITE WILSON MEDICAL CENTER CLINIC,0,2,2
2020-03-31 10:55:00 EDT,FLORIDA DEPT OF HEALTH,2,0,2
2020-03-31 10:55:00 EDT,QUEST DIAGNOSTICS NICHOLS INSTITUTE - SJC (LPP),1,1,2
2020-03-31 10:55:00 EDT,DOCTORS HOSPITAL OF SARASOTA CLINICAL LABORATORY,0,2,2
2020-03-31 10:55:00 EDT,ST JUDE CHILDREN'S RESEARCH HOSPITAL,2,0,2
2020-03-31 10:55:00 EDT,QUEST DIAGNOSTIC INC,0,2,2
2020-03-31 10:55:00 EDT,QUEST DIAGNOSTICS WOOD DALE,2,0,2
2020-03-31 10:55:00 EDT,LEESBURG REGIONAL MEDICAL CENTER,1,1,2
2020-03-31 10:55:00 EDT,MEDICAL CENTER OF TRINITY CLINICAL LABORATORY,0,2,2
2020-03-31 10:55:00 EDT,INDIAN RIVER MEDICAL CENTER LAB,0,2,2
2020-03-31 10:55:00 EDT,INTERCOASTAL MEDICAL GROUP,0,2,2
2020-03-31 10:55:00 EDT,MAYO CLINIC LABS - ROCHESTER SUPERIOR DRIVE,0,2,2
2020-03-31 10:55:00 EDT,GULF COAST MEDICAL GROUP,0,2,2
2020-03-31 10:55:00 EDT,MORTON PLANT HOSPITAL/LAB,0,2,2
2020-03-31 10:55:00 EDT,HEALTH CENTRAL HOSPITAL,0,2,2
2020-03-31 10:55:00 EDT,MEMORIAL HOSPITAL MICRO,0,2,2
2020-03-31 10:55:00 EDT,BLAKE MEDICAL CENTER,0,2,2
2020-03-31 10:55:00 EDT,VA HOSPITAL,0,1,1
2020-03-31 10:55:00 EDT,ST JOSEPHS HOSPITAL,0,1,1
2020-03-31 10:55:00 EDT,AIT LABORATORIES,0,1,1
2020-03-31 10:55:00 EDT,ST JOSEPH HOSPITAL,1,0,1
2020-03-31 10:55:00 EDT,ACUTIS DIAGNOSTICS,1,0,1
2020-03-31 10:55:00 EDT,SOUTH MIAMI HOSPITAL,0,1,1
2020-03-31 10:55:00 EDT,VIERA HOSPITAL,0,1,1
2020-03-31 10:55:00 EDT,AZALEA HEALTH,0,1,1
2020-03-31 10:55:00 EDT,VIKOR SCIENTIFIC,0,1,1
2020-03-31 10:55:00 EDT,ST FRANCIS HOSPITAL,0,1,1
2020-03-31 10:55:00 EDT,VA OUTPATIENT,0,1,1
2020-03-31 10:55:00 EDT,VENICE REGIONAL MEDICAL CENTER,0,1,1
2020-03-31 10:55:00 EDT,SPRING HILL REGIONAL HOSPITAL,0,1,1
2020-03-31 10:55:00 EDT,UNKNOWN,0,1,1
2020-03-31 10:55:00 EDT,TAMPA GENERAL HOSPITAL CLINICAL LAB,0,1,1
2020-03-31 10:55:00 EDT,WESTCHESTER HOSPITAL,1,0,1
2020-03-31 10:55:00 EDT,BAYFRONT HEALTH PUNTA GORDA,0,1,1
2020-03-31 10:55:00 EDT,BARTOW REGIONAL MEDICAL CENTER,1,0,1
2020-03-31 10:55:00 EDT,SUNRISE MEDICAL LABORATORIES,0,1,1
2020-03-31 10:55:00 EDT,BAYCARE OUTREACH LABORATORY,0,1,1
2020-03-31 10:55:00 EDT,BAYCARE ESOTERIC DI RESULTS SS,0,1,1
2020-03-31 10:55:00 EDT,BAYCARE OUTREACH LAB,0,1,1
2020-03-31 10:55:00 EDT,WEST VIRGINIA UNIVERSITY HOSPITALS,0,1,1
2020-03-31 10:55:00 EDT,BAYONET POINT REGIONAL MEDICAL CENTER,0,1,1
2020-03-31 10:55:00 EDT,BETHESDA HOSPITAL EAST,0,1,1
2020-03-31 10:55:00 EDT,STATE LAB,1,0,1
2020-03-31 10:55:00 EDT,ST PETERSBURG GENERAL HOSPITAL,0,1,1
2020-03-31 10:55:00 EDT,BAYFRONT MEDICAL CENTER/DEPARTMENT OF PATHOLOGY,0,1,1
2020-03-31 10:55:00 EDT,UAB,0,1,1
2020-03-31 10:55:00 EDT,TUFTS MEDICAL CENTER,0,1,1
2020-03-31 10:55:00 EDT,NEW YORK STATE ELR - GOOD SAMARITAN HOSPITAL LABORATORY,1,0,1
2020-03-31 10:55:00 EDT,NEW YORK STATE ELR - KALEIDA HEALTH CENTER FOR LABORATORY,1,0,1
2020-03-31 10:55:00 EDT,NEW YORK STATE ELR - NEW YORK CITY DEPARTMENT OF HEALTH & MENTAL,1,0,1
2020-03-31 10:55:00 EDT,NCH HEALTHCARE SYSTEM MICROBIOLOGY LAB,0,1,1
2020-03-31 10:55:00 EDT,INTEGRATED REGIONAL LABORATORIES,0,1,1
2020-03-31 10:55:00 EDT,HURLBURT FIELD CLINIC,0,1,1
2020-03-31 10:55:00 EDT,NEW YORK STATE ELR - QUEST DIAGNOSTICS NICHOLS,1,0,1
2020-03-31 10:55:00 EDT,NORTHSIDE HOSPITAL AND HEART INSTITUTE,0,1,1
2020-03-31 10:55:00 EDT,GULF COAST MEDICAL CENTER MICROLAB,0,1,1
2020-03-31 10:55:00 EDT,GESSLER CLINIC,0,1,1
2020-03-31 10:55:00 EDT,NEW YORK STATE ELR - ROCHESTER GENERAL HOSPITAL LABORATORY,1,0,1
2020-03-31 10:55:00 EDT,NICHOLS INSTITUTE QUEST DIAGNOSTICS,0,1,1
2020-03-31 10:55:00 EDT,NORTH BROWARD MEDICAL CENTER,0,1,1
2020-03-31 10:55:00 EDT,LARKIN COMMUNITY HOSPITAL,0,1,1
2020-03-31 10:55:00 EDT,LARGO MEDICAL CENTER,0,1,1
2020-03-31 10:55:00 EDT,LAKESIDE MEDICAL CENTER,1,0,1
2020-03-31 10:55:00 EDT,MACDILL AIRFORCE BASE MICRO,0,1,1
2020-03-31 10:55:00 EDT,LEE HEALTH-COCONUT POINT LAB,0,1,1
2020-03-31 10:55:00 EDT,LECONTE MEDICAL CENTER LAB,1,0,1
2020-03-31 10:55:00 EDT,LABCORP PHOENIX,0,1,1
2020-03-31 10:55:00 EDT,MRHS LAB,0,1,1
2020-03-31 10:55:00 EDT,JACKSON MEMORIAL HOSPITAL,0,1,1
2020-03-31 10:55:00 EDT,NAVY HOSPITAL,0,1,1
2020-03-31 10:55:00 EDT,MHHS All Lab Subsection,1,0,1
2020-03-31 10:55:00 EDT,MHS LAB,1,0,1
2020-03-31 10:55:00 EDT,LABCORP - MIAMI,0,1,1
2020-03-31 10:55:00 EDT,QUEST DIAGNOSTICS INFECTIOUS DISEASE INC,0,1,1
2020-03-31 10:55:00 EDT,DOH JACKSONVILLE CENTRAL LABORATORY,1,0,1
2020-03-31 10:55:00 EDT,CORE LABORATORY,1,0,1
2020-03-31 10:55:00 EDT,ESCAMBIA COMMUNITY CLINIC,0,1,1
2020-03-31 10:55:00 EDT,ENGLEWOOD COMMUNITY HOSPITAL,0,1,1
2020-03-31 10:55:00 EDT,LEE MEMORIAL HOSPITAL LAB,0,1,1
2020-03-31 10:55:00 EDT,QUESTDIAGNOSTICS INCORPORATED,0,1,1
2020-03-31 10:55:00 EDT,CALIFORNIA PUBLIC HEALTH LABORATORY,0,1,1
2020-03-31 10:55:00 EDT,SCDHEC BUREAU OF LABORATORIES,0,1,1
2020-03-31 10:55:00 EDT,SOLARIS DIAGNOSTICS,0,1,1
2020-03-31 10:55:00 EDT,REMISE OCCUPATIONAL HEALTH SOLUTIONS INC,0,1,1
2020-03-31 10:55:00 EDT,CAROMONT HEALTH,0,1,1
2020-03-31 10:55:00 EDT,SARASOTA CO. HEALTH DEPT # 58,1,0,1
2020-03-31 10:55:00 EDT,PALM BAY HOSPITAL,1,0,1
2020-03-31 10:55:00 EDT,PALMETTO GENERAL HOSPITAL LAB,1,0,1
2020-03-31 10:55:00 EDT,FLORIDA HOSPITAL LABORATORIES,1,0,1
2020-03-31 10:55:00 EDT,ORLANDO REGIONAL MEDICAL CENTER,0,1,1
2020-03-31 10:55:00 EDT,GENETRAIT LABORATORIES,0,1,1
2020-03-31 10:55:00 EDT,FORT WALTON BEACH MEDICAL CENTER,0,1,1
2020-03-31 10:55:00 EDT,PENNSYLVANIA DEPARTMENT OF HEALTH BUREAU OF LABORATORIES,0,1,1
2020-03-31 10:55:00 EDT,FLORIDA DEPARTMENT OF HEALTH,1,0,1
2020-03-31 10:55:00 EDT,FL PHL TAMPA,1,0,1
2020-03-31 10:55:00 EDT,FAWCETT MEMORIAL HOSPITAL-LAB,0,1,1
2020-03-31 10:55:00 EDT,PHYSICIANS STAT,0,1,1
2020-03-31 10:55:00 EDT,PHYSICIANS REGIONAL MEDICAL CENTER - COLLIER BLVD,0,1,1
2020-03-31 10:55:00 EDT,FLORIDA HOSPITAL HEARTLAND MED CTR LAKE PLACID,0,1,1
